89525
16153
5565
74901
74967
43559
71507
74724
69602
2866
73947
52448
80177
37981
73079
17925
39208
54130
65778
84339
85756
44448
75835
63961
53925
10190
52644
61417
20189
20152
22693
91368
4950
50483
6087
65173
38755
83115
74382
87205
66571
48467
3030
70249
84094
42725
76511
74457
18654
70388
77955
6867
3452
53770
17986
68658
9234
43789
4002
18616
62404
56794
86329
72503
15263
84595
68168
57819
97752
84653
794
97327
13214
43273
87901
31461
40062
33072
21469
7775
29767
28192
56660
86915
51733
99483
32729
12325
98703
26081
62119
90153
11493
70096
16639
46810
27026
36911
86886
87670
85302
34082
19950
31552
97880
28711
68874
85936
26521
54601
7148
12355
87179
80881
28449
60391
47267
31020
39819
30224
61820
66959
80158
6665
30812
10099
88856
41194
89198
28083
94482
99645
52558
71509
24278
84676
77138
7182
29502
89136
98222
9403
89665
49641
58888
56658
22488
77335
44618
25999
32321
81194
81205
83292
64642
13322
73055
98015
50235
29554
41844
48226
19949
35450
54904
35190
7150
65618
71995
93078
52215
75107
78678
41324
96022
8864
48637
14633
24410
11990
151
20373
11499
44726
11057
96573
32976
89064
45643
26500
56075
83898
10400
94215
78177
59313
19261
32783
88843
74167
286
68244
90905
66940
57931
60946
92822
1949
4026
25443
55641
85937
42075
65906
55794
11029
69288
61568
9960
90384
31118
53235
99307
52809
89220
2528
50740
72676
3244
68921
55455
65653
53175
27660
5007
45042
90825
38446
25417
23080
98462
5196
87299
94005
16982
42472
87935
31204
28724
82634
70033
80430
9115
63975
83900
9893
82855
5829
59521
11331
62792
43131
52297
86611
988
51632
39367
16329
36002
69082
69198
72421
45766
35763
50081
20990
55322
56250
6218
18836
66148
12079
59786
45467
2175
85399
11426
93263
83547
71621
45296
64178
53746
82707
45671
62624
70109
92347
3525
18961
60280
17168
55832
85027
87758
35438
2881
27440
43452
2096
83015
65722
1958
64581
65441
36530
75037
3921
35297
87247
94165
47000
27639
35052
27907
21445
80557
82443
25750
58300
63370
71635
23474
99696
81139
43923
83457
18934
79702
58929
61483
69587
2052
29380
69613
69988
79103
21671
49217
82352
68125
19527
82403
49598
25844
4527
14161
30897
81625
78169
87130
33672
1349
6502
4298
79008
55409
42203
92147
21831
71904
64212
50018
27158
15104
9949
356
30786
4217
87958
30792
64279
32758
38495
52076
68001
84261
32339
19364
84411
38363
87065
25410
88282
90983
497
71956
65100
18769
80450
52193
40739
11779
43304
25042
63689
76098
18256
52605
57044
27894
59464
37409
19014
11572
73233
40382
19809
30253
91079
55946
89137
64968
89872
91675
9176
7578
1613
72746
17264
50184
59919
93176
94322
75562
61305
7472
62310
53102
77675
39959
47037
11016
68190
79207
52396
17391
33488
72586
514
71657
24304
79208
4480
41512
66073
11409
87828
36009
31302
77893
12397
35674
38853
57436
77706
85080
32107
52607
86920
82891
95006
17193
33468
72033
96064
92365
90155
66618
68173
4218
82567
32868
65385
96156
99456
19019
80722
11745
7756
21162
19807
66402
92849
60321
98970
38043
47176
85993
56953
75130
8534
91406
70146
57714
67395
50151
63979
32491
1329
57295
30530
38837
89718
55718
28039
69784
59987
75781
10149
45319
64300
76967
52638
312
41138
94259
12312
35953
35997
18640
36079
63195
71655
45892
62096
65562
11640
91636
11082
36435
57435
91240
9975
15605
8941
27964
73086
40740
90452
31532
19588
91233
32707
45037
92188
69842
82517
53213
62268
5206
17001
43601
80150
6367
27958
14600
24214
11859
97041
6147
55677
85772
75261
57715
5098
59054
89355
50251
65091
33483
64532
37754
57998
93703
41092
55603
77632
10815
38124
28994
77174
1410
41034
36151
30614
91116
50871
80631
82211
35361
37945
13880
80946
82114
65816
9255
91496
97152
62753
57621
90514
60057
48705
98679
70377
85474
64354
44150
40921
38547
1575
2316
93336
18676
56263
69972
85249
58178
64345
51802
85958
80878
1911
48648
60369
45921
72913
94545
88641
93674
33848
23775
69350
37403
47869
51382
3617
74600
93013
31989
82337
42363
47341
68424
25975
7309
81774
37101
31442
99283
71053
5299
49171
96684
8370
4431
3708
50180
6457
24044
3119
11562
72833
3897
97297
78997
47986
46148
99370
37921
7769
4938
25774
36384
8377
62479
39311
50576
98554
80113
5123
82646
74825
34726
41186
70367
6117
63650
39360
56864
99745
63188
82061
25622
80266
87038
3165
17911
63604
80334
39340
16341
38531
55987
37203
10542
12480
51659
464
96203
76011
57283
95406
40980
86226
25688
38555
24677
10973
71498
6810
35076
69031
47353
55253
25874
48515
86952
32760
28121
49615
28009
49767
39450
25107
75081
44436
6582
94294
75103
85789
81822
77004
52688
20845
23778
86105
79148
98310
4366
6370
39247
81349
63470
38146
40543
61929
32055
36611
85215
95698
95328
18653
33621
51456
59708
21255
92096
21400
46487
74671
65016
19326
2726
4438
12474
90885
21630
13778
72852
41677
369
69610
4599
77886
84863
14309
49712
12291
93470
52684
58753
47326
33683
4581
80760
77595
78144
44322
13470
54197
21730
18156
3700
52423
31198
65261
54404
28418
40438
71079
85598
69285
94781
41571
74164
23330
90759
85860
2238
65012
80728
6405
12332
57963
26257
46120
88181
25625
13816
85451
8656
94074
65991
46015
46105
20084
28651
14315
64318
92424
12258
81863
79604
55116
78831
23372
55563
33670
82871
93835
87834
73145
69830
11228
30775
43892
78802
42931
84711
29488
14332
15440
65859
40039
79636
82596
73749
45986
12824
48602
77180
8192
25181
69302
54359
47158
6500
49875
50075
95754
86356
42815
71768
25149
53989
42306
7966
74608
67910
74656
91646
33550
92840
61140
9755
64843
71137
30617
80128
46037
2491
46132
7091
15765
21725
85438
8859
42232
70082
47532
19251
77082
15298
66489
74183
84649
42152
79275
97226
74547
75478
59690
33956
19553
83446
73731
80209
58511
21219
36201
37511
9235
63394
48621
96208
98008
90764
41353
6199
35710
81957
70305
51285
74049
1061
37900
54745
70043
6009
93961
90283
98748
9243
25738
452
76359
52813
55076
25798
34118
7330
75715
23311
22625
65518
33470
95685
83703
11165
83485
30496
60945
3143
74274
83631
20199
20393
96086
1446
77990
67227
37565
81843
96280
72126
96360
5892
22917
19867
97003
93898
99887
47140
37337
64161
56500
67583
89727
75806
79776
64471
87618
16855
21578
14021
69781
75173
87854
55460
84583
81820
43443
22092
60115
70614
36978
32558
57389
71790
32484
43787
58455
59677
84914
21833
93594
6924
91784
95384
29982
1895
49261
23189
39119
14486
36193
55936
66712
35547
52044
4812
20494
32512
65210
36358
8784
37940
2000
81815
41080
38821
89571
83778
47850
10649
11418
55534
62296
45433
49726
85831
16915
93112
75322
51652
81852
24911
55017
10707
49476
83653
71760
61862
36670
24382
1058
55888
19303
15220
16147
3359
74149
94016
73045
60020
12584
88611
78946
88342
75264
61527
84436
19417
60102
26349
23009
80618
48809
36248
9538
75930
96134
31703
29636
86568
5309
12601
16287
81698
78604
82485
53008
26357
16701
45373
86178
12419
68616
55553
46129
87974
74348
11893
67774
79775
12463
66240
51049
19450
15421
27676
806
94184
26168
27159
28676
21264
24268
54717
97865
58251
15375
78172
4285
90233
63274
44619
14636
29840
73565
90916
79406
81879
24939
23891
19174
95227
77980
94290
98597
27835
30452
8357
26727
48874
26699
45465
94536
44840
52283
9578
63443
56686
36127
30351
57677
56694
60719
48679
31684
70733
93080
41691
48932
78797
44458
34297
81731
6995
55825
41780
7234
83723
80704
78989
70360
11778
21413
22838
98244
39270
82141
35368
59706
91270
7919
40353
23684
98821
83690
29725
72119
50860
53387
64538
76120
28060
24591
10605
57119
80465
92404
77628
39889
19525
72752
32436
66871
94655
95540
15788
95176
53453
93575
11626
40802
23870
83721
62284
34688
63241
49819
81678
37276
79707
96105
69919
96295
51111
45200
27786
97236
1455
28505
87460
14935
54470
47910
75530
53456
92044
64056
22000
95831
66365
50243
21812
88350
31410
73029
15379
79634
80855
73574
10158
63427
2493
48328
78440
74604
58253
26690
70292
4966
40593
96545
68200
92314
32942
45945
67937
60860
76017
95274
77259
39313
69006
58996
2006
18015
82790
6875
45636
11835
67564
65882
90676
93616
33179
45677
6716
27021
28142
25748
8505
98126
62209
17612
97155
97220
95814
35391
38610
26142
81529
80986
48633
43897
21670
81316
1896
90524
422
42642
14369
71272
30519
67924
26527
28382
30555
4244
86092
31515
69991
86680
51225
2701
31287
42064
51116
4567
13872
2234
45220
29932
53577
12119
4558
74614
35550
79798
46849
14096
82644
34138
70465
2725
47009
28126
46730
22689
37390
70550
78917
71012
63858
24343
24320
61054
54166
88092
20936
69028
91210
7036
29002
22476
21120
89760
1135
87250
84787
77124
76687
66637
7786
22769
52304
10312
24738
34638
18162
87358
45855
98032
84484
95317
56812
15859
49380
80182
46822
1052
27027
3200
72918
51405
99140
49876
14754
53466
67110
15111
17735
57659
80311
34353
6470
11996
5780
26490
72972
50578
15962
18651
52897
69755
9984
67460
21731
14067
85018
47405
55751
83194
84058
24352
11422
70976
3099
66243
26606
71382
98179
68900
63468
31979
81147
69871
45743
24307
13256
20099
49139
79488
22775
29451
41942
35167
86730
25855
40676
9501
93291
13269
88847
1144
79486
35544
58318
19663
52318
34099
76455
99199
55557
59203
36689
98034
14677
93342
81376
71510
9864
4490
72925
59135
98382
73769
44777
27079
69118
99133
59658
47369
30201
90197
88098
34418
25234
86325
94153
51908
82363
36218
6230
4738
93893
21552
25983
44063
24918
99618
8573
82975
48229
42420
4795
64081
39029
38078
71258
82533
51365
76684
58372
80203
16559
29545
71456
43301
52307
28262
88673
12260
751
71351
73932
33472
69805
56650
77589
45969
43495
60004
75578
67899
11479
414
11642
56171
67093
64507
77287
98305
55833
2232
22514
82604
88754
56562
34778
38944
11440
11848
81040
76870
84358
65798
56827
80039
75618
88505
7292
19316
77062
62520
59589
1592
86795
12494
13749
44471
43582
53979
58743
81626
87632
37396
15890
26273
84672
80936
76581
87151
10577
44241
94219
70338
10870
79078
14121
45557
7173
18479
36726
45051
91877
78652
75076
19134
77680
78446
90496
79415
43701
53734
57943
31534
46814
20933
14251
52137
77143
25736
2075
6295
74503
32012
61908
43813
97691
19914
61185
38628
94936
96948
92144
45348
9751
89227
92826
87464
23238
34641
57453
95948
88144
48028
97364
85350
67801
2595
9613
94548
60875
73806
19113
65941
99352
34665
21104
16955
99944
63811
98220
96592
10241
83445
99921
9746
1454
2648
75020
37870
51835
19385
20346
83822
28923
53695
39350
384
91979
13772
36231
7029
79457
4323
9097
34999
41574
71024
13821
7473
27182
62905
50846
46757
70040
92291
95812
54544
92060
58377
96053
44446
18038
65868
18678
91314
86381
94139
62315
54122
33108
79598
47722
28524
11567
41229
95796
99839
22141
96888
94827
51436
7085
89862
5205
4284
73286
79881
48610
19066
20363
51995
50717
1116
82402
48392
5200
77702
31239
23898
97680
307
22446
49243
44476
62700
29005
4386
29355
19467
36391
78079
58232
45829
44551
70386
33188
65725
87372
23199
58550
1922
37062
20036
10316
83296
69672
71849
61570
22350
66399
53616
7652
45174
75713
49853
6043
85121
19991
14882
92258
30162
86220
99001
23888
96645
46571
48501
584
75969
81443
19352
25779
67636
25954
60961
76804
83516
16028
60412
56880
38175
20044
94689
89098
31143
43707
42136
40077
77874
43816
82199
82376
38968
20790
4525
81064
45754
90374
18688
18617
9866
24373
19309
64396
88794
49347
58041
25034
15969
59492
32497
11197
43199
59368
92536
15847
12860
64142
29394
55838
65161
1307
5947
75407
50994
145
35347
18277
99970
95393
41945
14940
92972
95765
17007
76859
53375
30969
61799
58308
6380
31441
86890
57039
39174
62136
95314
33963
65402
41403
56303
17080
19866
84211
19881
53206
37673
52635
49781
15603
91017
86013
66343
79171
97485
75476
75583
30087
67522
77707
65168
80561
7598
24210
1923
90575
89570
43808
28974
56578
88258
36141
4167
1771
58208
82468
67323
24488
15884
10941
66660
42837
86709
70035
68002
77427
48441
40539
38523
78227
48901
31967
72309
83117
62592
59714
80432
29345
91258
79066
1588
73822
66870
752
33256
75645
41100
27725
51922
36050
41887
12579
46496
35998
44628
78615
15267
68207
16084
28362
79215
38795
70992
64791
11742
59755
57188
95680
8
57536
18838
35335
65574
87933
17285
21703
33397
72105
49894
89245
13688
80913
27839
62718
90978
31152
24565
56673
6463
44193
79886
77550
42098
78195
22807
8696
4915
62369
46769
89188
97788
98568
96218
11425
95497
62286
1908
4349
34054
35716
70048
83167
22891
98406
83413
14274
40540
90172
44117
98543
58501
63205
57489
43217
89628
30895
12996
52022
60922
55361
98235
28883
21958
92846
32776
55840
36432
52021
69062
15673
16429
69978
40890
95232
89947
35056
91166
4459
33027
71045
75840
32415
91959
86056
79455
74776
40965
8243
90526
22312
60980
31286
56599
47473
77104
10762
33523
74576
41490
25664
63988
19557
37070
7634
73801
78557
86648
71622
63371
51950
21112
90601
63286
80381
55854
58056
30540
52432
72722
2978
60792
98784
55461
59917
77312
65564
50290
65417
13675
29239
25475
24497
72848
95001
92164
98775
43915
33812
786
52202
67635
42148
11931
29787
42679
37607
40004
75853
26390
34055
98635
58214
86448
81201
57697
76644
67739
59195
33777
56314
6588
68284
33140
85680
89366
35921
21632
93733
50182
81527
98633
19802
61707
21722
41712
95305
83367
98562
74975
19122
29079
44072
24283
30482
8525
88242
48864
1481
80911
66481
63626
34839
78068
73550
71156
18709
33342
7611
26250
62989
8966
94403
15870
76734
26016
55744
80821
78210
53228
74261
15942
94432
53112
412
16416
43515
16817
62855
67699
1326
38121
7278
85472
52660
47379
31711
81025
29342
70474
63795
15348
56780
56684
10360
8623
79115
64954
86093
74817
98507
16909
80621
14495
43483
75143
88234
70290
14012
92852
12842
2331
39621
626
17326
70921
2076
62756
28615
44872
38235
87393
3458
4485
97148
37171
69574
51
87500
3987
89599
26465
98962
4493
49856
36833
91592
59844
21571
83309
30755
42156
75288
57109
16440
77746
40392
8270
14195
27628
59549
53347
87996
39519
52281
17720
27422
89929
34753
95743
38852
12564
38478
14665
71487
45181
14676
96032
24807
36724
4373
5151
35555
6151
60162
20762
18491
6241
37644
3633
5705
5446
37745
99363
45278
13285
25046
76860
91534
81650
97697
31428
51177
33585
89761
9031
83189
11897
44445
19447
68027
11595
42046
40846
56669
42897
19590
91992
33298
73090
12161
79883
74092
32903
58285
40303
15227
52230
17448
65811
27359
19105
77605
57371
61740
98131
35519
25733
79923
3346
7341
8890
13033
1961
37444
55270
78471
55501
30489
90790
53663
63191
10639
51969
63473
94416
92837
31356
99933
88260
73232
4240
38296
26735
98749
99024
67273
96447
54323
64636
23972
96849
34462
65670
68828
22600
96167
99786
72558
96324
98579
31598
39799
36696
5723
81866
24781
30232
28314
58134
55418
23342
50567
67787
30513
80098
72504
72085
81429
65788
65891
85978
65411
19562
64036
57928
72395
78103
87327
34446
21435
18880
72116
55394
69173
30015
12217
60012
50049
72000
73656
11701
73553
41593
41907
82648
14281
67700
10562
63313
72776
54795
40110
70342
95181
27726
30501
88477
5640
22728
58290
42308
14945
91080
78664
25632
13704
39039
67848
43833
66449
36710
55303
32701
75492
42885
25110
72592
11690
13920
67114
89871
94831
94370
37529
86560
98929
92146
43580
40476
48029
39911
72142
47746
45842
91007
55656
17106
58424
66289
23522
26132
31574
1867
1869
14280
74239
66834
14821
7130
33044
52539
29897
62076
70681
17334
80554
81590
77436
30052
81606
23494
35596
59602
73093
91381
75179
99171
80947
92725
80852
22197
41207
28127
34950
23868
49736
28930
54663
69966
97102
79064
14889
26026
46898
57518
87429
94170
65212
64072
22331
55353
78947
9081
1221
6943
32785
12877
41246
20203
69596
30488
97675
46613
7266
19012
13191
74828
32727
81117
46596
36159
23738
9003
29331
20275
35868
31321
92897
31148
92868
45449
12023
38431
54533
48002
3678
50996
47685
70719
89735
60056
66323
30927
77417
48024
15753
21322
89252
80542
77199
6646
47430
472
44784
82356
74378
35184
31136
96631
94150
14494
76611
11974
11395
11188
29316
59784
24817
2722
40868
60708
15929
19039
74731
66545
73627
81166
65755
95436
21800
64000
80003
30818
32429
25194
705
71833
68802
92710
42547
34489
95064
20874
3345
62202
61357
5768
27121
15355
54468
41706
66290
10378
54215
96534
27094
79584
30497
63911
80454
9670
71564
27529
75549
91183
86817
39834
83438
78777
98569
49132
65770
18138
2949
22075
27112
23658
73403
64976
73181
22848
38157
5058
54454
64771
75931
32060
41538
62608
47186
91041
15233
36348
23463
32124
51135
51479
26302
12216
57176
70752
49399
12549
19095
69388
72756
52875
61444
79370
78276
29728
63799
3071
47847
89755
10274
70559
73935
70330
93659
2942
14090
41639
65377
90025
19043
7961
24845
25661
2983
62006
69166
53388
2906
74337
29868
51789
94381
71203
76945
80939
76405
20057
64353
22014
84599
91937
86003
97377
70191
43528
12093
33861
68545
19137
92364
34011
17570
3280
65039
80543
44514
51602
42154
53862
12917
12558
23961
6276
34164
91579
53529
37942
68918
65267
92628
61741
11327
77406
25842
5034
98701
77079
13605
83696
30500
96532
39052
93432
89283
78659
66947
36917
28610
92189
43340
68923
31944
75973
60648
2558
20819
86822
31009
12639
79436
2161
52240
66933
58698
85906
6647
50016
86257
14271
55992
42898
96704
73591
20741
94712
23699
96856
53319
36074
42475
81071
34744
60129
39475
67425
23384
80413
56477
77289
85637
88814
59804
69348
67370
33716
71526
57663
31586
39570
5776
71957
94643
63408
54206
8306
27946
79211
64913
75883
46226
35845
43441
750
47636
15933
955
70816
99386
57827
434
37735
92715
20
36438
8668
61161
56622
77407
82683
31114
91194
6681
52086
26361
48278
44751
13124
9820
52078
43640
9393
79392
17479
35995
26927
88381
38329
44607
86985
96381
85951
92675
89793
99074
76569
76981
72492
67620
84714
56210
70258
34882
39954
96359
38009
16642
3181
90311
12788
80441
52191
83404
36847
4953
71237
4023
57785
91682
83771
57319
45211
23928
54173
22390
10141
34400
24472
12059
71806
20707
42044
69151
60769
77015
11448
8802
41069
55681
27712
39031
57584
64734
23206
83813
76499
5316
85967
93506
25965
18966
29828
85457
87143
53628
84797
58853
29862
33014
31190
70832
37906
75158
15678
24122
70566
8520
58549
27728
7327
61939
57861
45372
36992
59831
57093
60892
18171
32893
315
8106
42609
2407
52624
67673
88100
68203
36241
35966
56182
19273
65486
26226
9232
68831
36396
59228
40575
45995
56147
2287
48334
70077
67104
8825
37888
62019
45541
14467
95895
59778
7340
46158
51167
93587
22420
78470
24199
23646
52629
63369
30147
79583
24478
58810
72532
1406
41891
20675
4370
94292
37220
66509
67562
70778
58212
80315
61834
63624
43774
63775
79901
76488
88320
72510
72430
83855
3210
57378
85376
75803
57649
60714
41683
80244
70834
56423
77775
23786
19700
84088
92521
37538
88667
1325
19625
46231
17565
47559
78404
22396
33293
15815
23471
48820
37317
14139
49485
90027
14198
6838
6125
13498
5415
99550
87819
74268
55217
3470
5122
19490
39877
20086
44264
46539
43132
24424
57013
76851
44587
43827
61183
505
50962
30664
86271
15739
65785
71497
19079
39185
20040
61032
65995
53657
77666
64191
47334
34483
62703
142
35756
13766
20841
41532
37008
539
36743
77879
44009
66848
20768
12704
3552
73560
85794
19138
47590
84287
31843
51706
47609
91787
98171
5625
68635
37717
71522
50115
22875
17175
99684
99237
2783
83498
27157
97076
25576
9412
42586
23772
73239
74843
36651
97734
61613
69317
8612
72315
40398
76655
68666
98417
85898
10610
6171
73348
44794
13225
63053
17608
23358
51812
71004
44480
97394
88230
38270
1169
60669
98920
6912
9258
1016
81293
37445
30851
12278
22688
60052
57030
52128
49022
85515
50412
24713
20023
10964
6101
18314
87926
59292
55667
7969
32472
30735
23566
39755
76313
49689
52834
21806
78587
49308
7499
25450
51478
22087
43958
79979
79347
919
5496
63525
76833
21819
49672
28579
93411
22830
10522
90179
79863
8518
95896
34995
94983
51449
98424
79462
38751
96884
54048
11556
75055
75792
85488
47643
71399
8532
61159
3239
55478
50883
80361
75587
47699
92145
32362
39751
24724
41407
97201
69739
6016
49382
34969
85124
82043
52464
85509
36287
88750
87782
74362
80348
43425
73422
87416
69376
13020
69526
79015
13389
81834
20367
29853
58707
47871
12787
75210
96299
10168
84963
90749
62122
52520
36150
57837
70980
38302
80434
28727
90736
93028
46608
89986
82863
90923
6826
2788
76026
13551
85151
34741
98738
60610
30648
58240
79029
27091
12874
32904
76203
5050
75411
53178
12575
2576
69659
62618
40229
78624
63834
8835
51384
92960
51340
73245
11281
30959
6511
88928
84687
77303
20773
38195
5424
42940
59824
19412
49839
4633
93933
97369
10676
43504
3955
10613
13714
7723
60500
68246
2435
87713
82574
61883
76102
30930
26549
72374
61269
77930
96020
10918
65942
43530
40257
24393
91471
65846
2662
41950
33743
67589
47704
16605
9150
78401
15645
42100
95409
98122
93731
80541
40372
81109
12174
60502
23727
33104
33355
73040
83602
63970
86030
5651
45244
10417
54063
10111
82765
25711
26792
78126
80198
71783
20968
16518
71136
14711
60912
85941
70093
80998
93146
57725
36733
23647
39876
37849
82018
80872
34919
43844
72270
44212
42093
5962
39704
32523
51298
91630
73225
7430
53887
74690
97615
45074
91287
91859
41860
91197
22980
74148
22927
36447
76782
77903
5484
25014
41375
28107
47461
46546
98492
16655
79090
78319
75970
77269
61770
99824
17027
41120
11673
57028
68857
20155
82022
94586
40721
99834
40675
26448
73868
2747
48058
22026
59591
13459
90059
86484
78661
82096
92279
98996
33556
40544
49020
96533
41818
12983
29560
93189
68613
42900
69093
46739
86433
43634
82847
66168
4199
56563
82431
96265
64539
14857
3322
4173
77144
91087
58567
38486
69244
5046
4677
44643
65504
59032
40152
76395
46774
29031
58915
65531
29253
78863
13159
203
26996
20753
29132
41238
73503
49278
92113
59260
94191
75626
91909
81075
69759
97495
18887
69693
61882
16613
36751
9007
18036
59061
16254
59142
39227
24233
60448
70695
45898
6474
52618
47516
97030
76232
93162
71536
56264
72617
11454
1660
13611
1659
65056
99789
13792
98204
15388
50309
76286
32521
78844
81847
65825
51770
49981
92471
93592
25935
15361
57924
11564
40835
22825
40580
51055
74090
34492
47954
24209
62505
54911
32734
127
16489
93214
98373
82496
57008
7555
44929
11852
33507
6497
31268
83412
87937
55903
55763
31992
21432
36536
33526
39671
94626
76827
24144
46583
34992
17754
78029
40213
28000
74484
64540
26574
22265
10770
34632
19363
95229
9581
11294
10199
20979
92803
88644
94857
82469
2771
49338
25381
13757
49612
38889
76065
77049
27398
75021
36503
68497
4690
65842
32941
29555
60751
29893
36721
33432
29579
64723
59770
45064
70523
83334
25642
69925
11432
54335
32487
19824
84940
87631
48750
66139
21021
32886
86899
41135
94082
50231
94216
44137
8321
42800
5699
96609
1012
19301
29861
18802
71144
73722
13309
32973
70852
8906
95334
35040
43497
66260
47585
37350
60970
81512
86978
86287
40283
5837
43554
33267
98614
50004
98174
96394
3584
62881
84851
31576
76807
73100
81464
40073
3547
80121
28548
79452
97974
36894
39610
88372
74350
17567
56949
71450
83109
59196
49768
99749
25659
20865
1142
77836
31723
89199
8838
85349
95850
6190
6772
42728
51946
7989
52557
60745
33915
63507
61564
54775
36028
31269
83884
52465
81230
21253
67045
29808
78077
84998
38271
49273
58469
48357
88981
16650
97962
48109
56535
54545
78311
30695
20074
65884
263
79096
80980
99457
82795
29695
61132
45178
28720
88259
35428
90122
91050
43472
74157
18121
50415
68459
84554
14124
74792
85529
19817
29415
74241
67111
445
5512
3233
9973
3913
72239
91161
57681
27424
37786
24176
30313
27978
21967
44258
71171
17071
42602
19469
46332
51941
78774
11935
62349
23239
61697
34183
31247
44143
80380
7976
98782
88941
85100
555
98797
25536
61283
12988
40082
62930
29171
9980
65743
44774
41244
59026
30498
37622
55948
41978
8291
85034
49971
43207
13280
61976
77820
41261
81991
11543
34464
80205
80713
67216
92122
91335
53240
60504
5319
94653
53000
27694
46676
1597
77087
62748
55024
12527
30227
46198
51991
17420
46729
20908
46392
84137
42993
34708
79826
2571
94122
16842
8247
1257
17101
55720
50333
17179
52210
75462
27623
29856
21296
37328
68172
33365
92550
59802
60595
40044
80791
77053
76719
96699
25435
6893
86671
94969
48907
21067
95284
4942
98680
81968
38405
22856
10924
96742
98124
26620
75712
97747
35177
26088
81432
44245
60191
41854
70267
58000
74970
52762
71620
20245
30111
86574
3437
19596
60165
69649
37753
34958
33403
11916
77887
51672
49871
10766
21566
41474
8563
39420
69864
77710
42748
95186
37579
82888
50217
60464
42685
86198
28398
62781
58665
20066
69499
71998
43159
11301
94642
25808
39628
88521
83112
50837
1666
19382
18672
57311
31425
41304
17082
7536
54362
65135
43698
2133
11711
72600
10846
31565
48531
35715
85835
73692
77606
29376
44021
17252
34690
74597
98443
32833
46522
62745
46047
89991
40600
13682
78193
94396
35400
71297
66477
62179
98343
14126
3680
20668
16815
26769
41871
69398
88537
85024
99991
67632
1194
85420
76876
40898
29012
10256
73137
29190
88223
32767
31474
63698
92334
50032
98544
89141
64426
52213
84456
24413
38684
36441
30197
36515
85886
65371
3464
42042
86992
16687
99813
93818
47539
42481
18958
32869
8393
10208
46009
80808
81691
18450
69430
58254
45890
83657
53745
73682
45625
25615
80312
59145
83963
60802
22341
88158
27055
53222
52867
90100
34293
21137
45606
11498
67770
47276
75151
26572
67342
87641
11187
58971
82117
64482
75739
57634
96461
39745
57520
51669
56244
27585
7458
63745
72095
19154
10278
23373
96961
53418
79696
36739
56052
68389
45455
95503
59730
95797
76741
28550
97543
49989
85559
61504
51464
81450
24119
16060
96601
29456
72701
84660
45043
56294
86594
2504
41783
39332
41744
22425
58332
7134
64763
61599
99511
97240
25792
48318
67401
72967
48306
60462
98331
98928
59136
11094
93744
68693
87041
69146
37426
60233
30877
49320
95370
63118
3476
54289
989
26702
65035
37466
72246
21235
64716
20695
2469
32441
76027
61549
8861
50954
83256
2097
41253
80867
62448
45423
4893
43871
2253
86949
43620
25883
96643
95941
27177
26046
90793
36614
77126
31673
12682
7424
36790
77523
67124
45197
32417
83385
96770
11116
10103
78396
2496
55463
10691
185
33478
99394
19217
34544
82156
57997
57079
87507
24611
69658
25854
79403
1378
86747
39861
8531
63144
13382
65687
82919
16107
19660
4291
18729
21786
64783
49564
85417
49960
8828
21417
63007
75238
11802
48881
45605
12510
44521
89477
9591
21625
48210
79942
89339
15502
85573
46977
64390
91214
6989
81939
10802
273
94167
13138
6317
18762
80941
78329
43334
31831
6113
5923
40631
76808
63695
95292
80571
83895
85057
48721
59843
19278
49488
8406
35457
37978
92108
11755
79168
27879
2566
26267
39045
21871
405
85058
65030
33178
46529
98106
83829
3005
50155
88018
55334
35508
47631
63246
19329
2736
62346
57598
87538
9029
99646
66031
57828
10325
69316
13735
18723
84448
48010
10971
93348
29562
12649
41444
53150
20822
99755
7109
78577
11892
14084
85594
65639
22225
98588
7871
33916
25692
66172
8280
16961
63372
81873
43726
64578
46555
32235
75972
44547
6077
87714
7429
93168
56144
38595
91011
41201
91251
55165
61241
89663
42128
84324
77852
82155
14496
14341
32917
34503
10450
38453
97484
64620
55812
87763
5315
54258
54142
58593
3066
79660
84855
18506
35917
37791
60053
6320
97789
49541
61186
966
92783
98590
23869
52
58824
88068
43252
90485
67132
85635
12870
62837
29857
78060
15586
30716
30580
82495
37193
49742
77788
63461
86569
572
67112
91706
58067
82932
5406
83747
25165
38690
34889
41443
92593
2308
30649
50185
33724
4496
19037
75168
92874
83521
80568
47872
48601
98175
51077
72550
3289
70570
70743
34897
18370
24717
25556
1333
16302
73445
37505
2688
87054
73631
32972
43793
89730
30039
4499
28590
91411
79172
33110
22964
66195
3560
40456
29599
81454
63782
51571
55935
71398
28280
71913
5367
69751
31653
85067
79489
36964
86925
20953
34884
26124
58042
66179
5362
71263
68761
53693
32692
4182
30945
86979
10114
80614
59660
34016
77622
53535
98287
31597
69621
67470
51906
15551
31443
54776
11555
48286
33247
68420
35890
89744
29325
21763
29410
59691
7872
86447
61197
29221
41501
81200
54156
71068
6860
53003
74327
54372
80533
63367
40404
36275
85984
18291
28377
47086
69584
29447
51033
85392
66341
94926
83557
69227
61404
15820
42751
25408
40407
96924
81808
5866
61611
39593
24093
57103
49176
12267
50951
7448
49178
6490
7999
96850
10263
95272
69234
29197
27575
78498
29941
80017
15120
10002
27453
71481
63779
4201
92481
24516
38378
12626
59345
9460
87167
81397
6364
32646
39802
74968
35206
98939
8269
61895
22285
7835
66824
87843
7570
76219
29904
2102
22896
5504
80859
49763
68793
58236
46927
76423
33226
16974
93076
16193
63610
34642
56084
24053
49498
13056
93854
67239
54178
52174
97317
36556
38805
87245
49743
55372
79591
95623
98252
54345
24830
30354
75988
63724
32740
24075
69699
30177
47224
62450
41684
6819
1622
74215
13752
69824
84228
51694
63229
12678
89667
44857
31569
14445
8739
98170
71993
43403
24030
48022
16392
21768
70443
1054
53822
98645
54342
47233
92812
3001
91921
68211
30717
9651
90254
14521
10313
25982
14276
19773
97765
43962
66376
68320
77441
55162
65078
79510
49539
27237
37085
51327
1423
36442
24706
8399
68417
36907
19813
47127
90682
21439
38987
39963
24509
3444
99986
59547
75753
3942
40043
99201
97982
72774
90988
87310
10862
25288
36424
19292
16259
70030
47268
19083
99042
3175
8027
32424
79512
88730
2079
16881
35724
73636
13
38954
36170
80186
76350
80151
12686
610
68440
38894
49396
58459
62830
45065
999
56141
28369
33900
86738
67315
47370
14986
23517
69832
89491
37041
31803
21697
178
5428
66145
58341
51195
73658
25256
4754
3185
68909
71684
20276
65609
20420
65845
79700
77280
18333
14439
632
71585
50284
44835
41557
32028
28784
70110
1838
56375
1990
46206
526
80634
67005
27228
31822
19609
51961
9554
23951
77241
48054
4788
52984
62187
89798
43667
63384
46360
76552
35499
19200
35535
72385
78340
87242
56791
22019
92684
76462
69975
19684
60051
72609
75550
15924
39666
63119
37429
88549
81855
16561
43739
54129
33144
84970
11217
22364
84362
36865
56558
39498
20038
52676
97741
29443
51739
7287
35286
66435
95052
76399
24134
93284
36909
15060
96403
67525
9129
42820
14698
31448
70662
2990
63969
18048
94549
16668
85817
24950
78614
20653
44178
27929
81544
27925
93132
36411
98028
64179
84992
71926
90047
84070
38974
12861
86878
35668
54271
70252
58124
85510
66012
24360
73645
90074
37619
23365
59734
55859
42320
7250
30831
94761
48753
31352
9461
46163
60007
22734
45092
41417
22929
4310
23078
73540
1651
81779
34094
49027
90994
18350
26573
91586
57712
11239
52730
45593
14085
35021
7547
27413
20433
8757
20711
54938
47727
69861
55362
4296
82983
75906
51249
19655
57451
64429
97049
94686
38561
7019
53019
75078
84062
32936
30260
12371
19593
22355
59635
20534
72185
85132
57526
60924
44161
44623
98862
93158
61064
66667
72173
86401
8649
19573
46298
57425
68063
68936
21832
49113
58361
8974
75471
77869
29709
76780
62309
66494
33007
32469
85742
67885
71223
18526
71612
72151
8080
11068
15344
3311
62627
17465
79004
88957
59570
20928
70951
50236
98213
60716
27567
22468
16214
44931
55067
62297
68462
67353
18584
89547
68756
71486
20286
80092
78400
95828
37243
11864
402
61022
87795
61987
61285
61143
57
73704
12596
50295
39177
75991
52237
16927
49270
39793
24340
36494
18900
56573
15189
62978
78977
29103
24662
3049
93331
61052
34628
18720
82390
39464
53624
53473
49197
96221
33826
14841
18869
80094
88765
8396
9113
96501
96004
12792
57158
70751
55803
330
99806
93925
30134
74276
70610
79895
50198
3150
32586
34127
45263
89349
34562
17810
3762
46160
71740
88448
44497
91099
63563
38031
97173
74707
10816
12041
74473
11118
21076
48685
12595
70890
89159
5758
90451
78686
72490
30961
74646
28537
88469
49423
27068
99420
55841
89226
55959
33022
68298
16305
84331
12177
81365
4549
71020
20726
41803
78677
30944
67243
18598
8858
21950
7041
96026
49005
65380
44763
50411
25409
97072
44548
55797
11049
17299
52667
61478
74050
26740
83397
4775
40195
68315
12982
35080
70450
60626
59072
41451
9295
68823
44198
12326
53161
81296
90083
31115
60370
87148
62998
61954
51829
91570
41285
23599
66791
1889
84793
56271
32757
65397
37948
58529
10743
16359
87178
28197
49603
67727
74686
96974
65111
59282
29571
82076
83722
98110
32762
20144
88080
86863
16105
66758
42766
94640
77908
17574
85138
2603
73155
73555
20600
63177
47775
37079
92772
8389
223
4658
18039
73430
9047
15897
56869
80008
72005
6540
21573
38688
94978
5102
54150
15748
46294
95463
70855
84716
29816
20787
84125
28480
32755
66143
20487
9330
60217
97384
73423
17117
28712
38654
44475
87480
43644
64417
2904
55750
18077
63962
46880
1589
90606
17618
52943
23216
46219
44035
72228
41781
70786
86234
88251
6601
67192
21424
62661
52697
91635
1998
20448
49374
62065
78647
1556
62344
23894
78983
18347
44649
41960
31451
62669
29454
85946
78627
10129
55651
98669
88089
70188
12017
20223
97546
63308
56176
98230
28707
65178
52311
40511
40341
94739
28402
17265
30322
15117
88101
89545
68798
37814
87599
46638
18692
37783
79989
40806
11813
11669
54677
74150
98832
41746
32546
91472
80837
908
84913
83382
54002
56230
73157
36512
42149
16055
13025
67655
82652
62227
84742
99239
12138
94288
24805
77732
32794
57450
23419
43099
76268
21134
63938
84713
32693
92289
54995
4250
21119
94702
74757
6134
75959
61708
30670
84322
87026
2222
65358
82398
75400
10160
18076
15334
44723
98945
85667
14611
79804
95695
48625
42715
4794
67665
3963
29593
65263
71469
37876
59830
59188
46472
78182
22273
6784
78499
34617
6978
24417
46897
56221
71777
24812
7259
71853
3891
74575
54537
88740
33089
6301
98132
65407
24195
31958
13794
22292
50920
89154
9134
98205
90554
47108
39245
69314
52238
12165
17541
69581
62134
4864
52159
81065
15746
64392
58083
63936
33378
71150
49953
37804
72420
18903
35470
47981
95067
33496
88468
75136
49610
46639
70528
93760
7317
5471
42932
37896
3713
12903
26377
98320
67577
27339
78059
22467
29578
36360
65617
46825
30425
54292
95323
77679
53037
20882
40589
40792
63381
16125
96368
34752
49996
56824
30970
9069
92252
91828
98321
69107
95166
24666
11829
69818
39015
68599
74753
58747
44083
46127
20284
16846
20163
76977
4106
46010
50977
49805
44404
57866
34408
76683
36425
17213
60741
68239
79974
15568
93557
97027
1495
55967
27114
27340
71990
39419
75127
8538
13392
81173
41461
1884
83322
66019
13567
21691
97261
64932
18334
59953
25516
74470
13054
66055
83461
51369
25309
96942
84568
62165
38893
8644
40628
21837
98744
49829
70645
58759
31134
46515
59384
19057
16669
47058
66575
53563
40321
94976
8768
50520
72879
20150
96859
57287
95051
63135
31670
72231
15185
45495
26206
57905
93593
57018
71587
22257
53303
91597
69585
34119
88938
5905
64038
15036
43934
67358
65907
55511
17394
87683
32813
39584
86469
44976
61785
89494
1670
30100
91703
62101
34941
96577
44518
40331
38549
39743
23569
3235
64766
40990
57871
37489
53386
38632
23711
8986
76722
37031
68438
49149
69368
63692
36333
61561
30385
23552
20182
74693
79286
16597
3504
5878
90458
50454
12804
36516
76246
9692
92721
60143
70023
23591
9349
56560
67993
7651
48797
14648
24067
46587
99918
12147
52547
40104
29676
58896
89942
14805
97890
23363
48542
62045
17036
59595
69491
18752
13388
85955
39353
42322
10886
73828
44231
96797
51827
9101
53831
8073
61391
10915
69010
71266
12385
65017
41696
15406
58742
85692
56224
22855
56575
97086
27475
59678
75913
37632
19980
56876
26730
64125
43772
8615
35439
87284
1519
1602
66044
73748
46821
16431
37581
2322
66318
44679
33084
19530
71155
24912
88116
8292
10641
35985
3062
85872
20250
45538
74299
46954
49239
22866
21335
34426
98173
58016
89499
98101
50864
75443
23071
55538
26684
96597
83425
14556
83488
57886
14371
61452
9410
54793
32605
52789
33460
15287
17151
76943
99660
85513
4085
9876
276
32209
10104
60537
22351
17930
32839
20470
48091
24050
77181
89256
48092
99470
12498
98473
9825
81242
59668
25562
74880
10362
80848
88723
76647
50021
65552
50916
49371
55185
22649
47099
52197
84122
75996
41487
91013
58406
63605
43176
34208
48117
67007
90348
22695
68569
51023
35597
9565
57251
71992
48068
48191
64453
72499
51683
83938
80734
45023
14642
83628
38590
90547
17811
78198
66693
49029
59117
3638
29858
85839
25440
59162
27618
23674
63607
54476
71277
97271
57224
79365
82287
86691
80938
77381
98203
25130
65828
14702
68721
25718
48640
23041
91278
89533
67800
53144
35578
93772
99238
22422
7357
41753
87138
55214
7628
49616
6467
51761
86217
11728
72946
76765
87845
17380
51938
97237
54469
36137
41020
59386
95534
36095
46386
92532
51666
8934
78168
61958
25942
84921
52672
9602
32473
34277
96659
3423
1604
92093
67528
22881
2601
58348
316
13754
13249
43867
57967
60880
21258
78094
2882
49889
37483
82598
36198
61048
24167
82335
10669
79011
5839
68506
21089
12730
93362
2920
7838
1987
84781
17442
54922
92153
18667
43435
43804
44158
90744
50109
82886
89022
50888
59669
54043
38962
88238
29279
18254
76946
85158
54031
17846
35082
49656
2001
93197
51278
58850
63735
93919
39656
9302
13045
15358
71758
96483
59190
43921
44030
17018
94264
25731
8125
29125
97012
83518
15179
72248
14279
19796
88513
11947
13720
81111
2940
77132
60846
56689
22187
97696
47603
88980
24305
66703
16531
47304
98750
27064
66476
58941
13221
82421
61102
68762
69503
44581
24249
26482
42921
83646
31542
58142
79327
60734
14548
61556
33333
90421
66611
25663
10282
87413
15407
80888
63092
45046
21935
53210
64445
8023
27657
90877
90469
59077
61168
1427
90472
54801
43234
23030
72321
28404
67915
89569
2616
25865
92401
75559
98457
1272
41344
16432
46649
63780
70802
6855
80337
3909
20244
32175
19763
39689
98937
75065
69761
49637
26276
95842
96571
86533
5318
67851
34751
74064
18953
23160
83974
5028
6209
18287
52050
35061
82026
58033
93515
79185
25460
13504
48507
39375
1354
81462
66077
32328
67907
9749
45081
85036
2277
54845
32957
33876
64303
20976
62159
24529
3569
86545
22349
59768
22193
90831
76878
97388
79839
38461
32907
79965
6013
57353
55964
15163
26057
88900
84928
92858
36640
31135
537
76201
74062
90291
71157
9494
48475
69195
9824
23416
92880
25580
79837
13426
18064
26560
12036
73124
44422
75206
96230
52167
68867
90377
6074
79731
42345
79745
86410
9607
32899
50552
50304
83439
21655
44849
65408
39697
45647
56848
70284
9955
88786
21313
55352
88857
64143
72397
8331
24934
55205
46182
86107
86921
30113
88700
55974
58618
97059
93791
37358
86061
14951
19733
40370
67372
4886
963
56467
18583
90388
53995
36648
99915
23908
90952
20008
5726
3590
78937
82909
82642
51175
78785
78487
60237
36149
32334
91896
70286
70083
13224
48402
88804
7412
89126
24020
19951
41063
43940
26896
55600
14487
84508
60073
25134
38200
75309
66215
46595
56344
42849
74422
94520
63002
27787
21542
78908
30804
97433
72457
80673
15544
9285
79229
37885
32435
62599
5262
80195
72505
9541
98796
58249
67485
94489
80666
93884
78258
45560
83233
51024
86275
59944
86690
29228
70990
37475
65272
58496
57680
58258
94916
94449
81631
75634
79167
16771
28518
7782
5802
667
45059
49312
41992
33315
59003
27456
97050
88924
85404
82074
87585
22725
66941
6027
76054
61602
13949
36645
4040
42464
75506
64460
8702
51253
24945
3219
64458
30458
77754
42929
56414
75877
59230
43851
17669
28054
31696
1419
67821
63103
66266
68118
96492
45672
86928
19049
22343
99401
37393
20231
39300
41009
98460
85688
23975
20645
4484
31364
83151
93534
19034
91683
42256
34920
85582
21882
84516
39159
72872
72214
21808
59728
1036
33709
18019
36242
92562
66647
42646
51978
33811
64261
36224
89732
17786
449
46922
35492
51960
41618
26705
260
62526
44856
35563
70045
51743
46439
32531
83927
51841
64051
20022
45196
28966
78887
9407
8168
68374
2875
70333
5692
4458
19633
153
64039
57352
40663
22319
79291
94584
3520
63561
5284
77849
66202
12953
14822
11321
57825
8774
6391
97509
43552
66817
70622
50028
34541
93641
5624
43316
75927
71302
55893
38798
58904
92885
30586
71457
6562
55375
17121
92237
55846
51208
42446
17104
65316
9415
65948
18730
95032
19414
8719
50042
86875
79993
45080
96886
1750
81116
24165
34097
29984
34521
91997
82494
99532
828
18821
34571
27846
85531
87930
72686
68747
67488
6015
7557
50537
21773
73652
8022
70216
50069
20709
50903
20568
31908
335
30688
26637
22701
99468
32660
87157
86429
89062
69382
84835
64610
89448
381
93222
15549
98890
17176
69704
13387
78683
33487
1997
76250
32500
69474
38675
80369
99357
86632
8984
78751
47188
56790
78915
62940
34015
21282
14780
42352
35363
57888
2742
74416
46924
66147
88340
57923
76542
23309
71281
37359
48898
24463
61629
11424
59996
52036
20901
42515
73048
56582
69640
67514
41901
28310
12215
3609
5140
83570
9828
82370
91058
7668
56288
67068
97720
90475
14541
37463
38177
35551
10352
90818
42830
64973
70649
96735
58413
98497
61100
77912
77722
59106
46526
13871
80689
30409
60990
26485
27764
59263
58771
27539
5480
36003
33635
36318
64650
23029
29107
81047
1840
55346
48766
51418
21740
4718
37759
71268
36592
34429
45879
75406
98761
50384
44836
93499
67625
75394
9396
67832
70374
76008
80592
30656
62057
93810
84628
79672
47135
90602
33871
93721
35641
38631
8422
55714
2177
12153
47520
95039
49639
49058
6682
62785
24815
1002
44012
60100
96685
84704
7614
21953
83589
64847
66549
77299
22633
3974
14017
77834
25734
50390
36239
81455
59845
74256
48343
93743
96831
80611
76176
97497
5509
42870
82969
5220
21750
41459
27247
9632
97722
40733
49195
66421
27550
59381
72067
85019
14399
88195
72034
51581
47993
78136
30767
70197
19257
15153
58848
34359
10849
52345
80264
51563
14741
77078
16145
79966
2981
2630
1545
30445
61931
1456
11836
43641
61043
13149
28006
25533
41971
92155
57593
20634
44237
84782
95025
2154
42155
71911
11490
11549
84807
73123
56654
43642
49832
37640
68208
30244
16624
66216
46024
35592
86180
20169
95881
67153
10323
71627
35002
81722
18742
45741
68589
39063
37219
76646
13155
46393
74242
39201
38212
5322
44652
9723
10045
66018
57798
61302
80288
38765
53132
31847
16635
68279
46586
27414
13359
90337
89061
21359
4975
25160
71007
62027
88719
69507
69711
70727
67835
89361
22589
66065
90897
5770
52992
27469
96043
3180
23116
89593
95432
11410
11267
96009
28058
18565
43324
84353
55091
73739
3224
49538
4929
59433
93105
32837
53221
7296
41692
95956
40354
84563
75600
68171
80804
22334
99956
40251
72563
7223
1269
84933
14334
86889
69763
93398
44116
76940
40515
48748
35996
33398
15677
75198
26833
9083
58882
30584
75875
1384
61636
8385
28454
31309
27877
97684
8823
58121
81827
88752
32326
57800
73421
48899
39157
44612
64616
55262
55581
52339
99764
79783
19408
94388
6937
3654
24587
80190
87408
8161
7820
58536
36061
86219
39057
99606
91049
51899
86846
44152
39947
13542
66757
27367
90176
60588
43937
20321
53358
21943
8852
99836
72874
64357
32725
947
31888
38123
85025
90895
33652
72459
34777
15479
61737
58763
7942
33402
75439
13219
24184
28575
96536
63822
41260
97109
10403
31630
60438
50179
5966
27289
69890
5124
28600
81807
23407
38027
85493
52845
57095
47859
19747
2570
44523
80827
96074
93221
51513
94177
22853
55542
75337
61669
35599
86176
11628
27970
21497
22308
28346
46430
59905
96457
71545
48837
65420
28055
60929
73142
78640
35455
59979
5038
67158
10723
36704
19126
44590
79549
39551
17261
42129
168
99739
94560
24178
58794
19771
68768
13132
37594
24191
98693
74648
6328
71449
31439
78489
85838
11791
96952
9625
26849
6999
3094
90329
55777
47749
17382
59229
56165
29975
62805
13299
6060
3906
70401
40325
16283
36492
17831
87797
60271
23054
27435
23033
68637
20019
92589
38445
4261
59682
76635
63481
69084
23764
93316
63682
6149
99044
80181
24423
98200
33844
80386
16979
76099
17152
15429
92917
67407
3662
1879
76803
93428
28933
58813
20952
50689
20574
64400
50068
97902
26829
34467
79057
46755
44234
12365
8673
95505
76794
62680
97570
12545
24220
54561
83745
67040
58162
37298
40724
17945
41604
42358
54573
45015
4176
84492
46799
83738
66039
31123
30549
45107
21577
24035
56496
58468
28757
17089
77957
16560
7970
54126
56073
47219
9387
99093
62449
72344
95801
62167
93845
58022
94694
21886
22230
62862
69788
93709
89801
25634
46627
57150
3317
68288
90395
79179
438
18605
27747
27495
80072
65640
63184
60021
79349
69958
52295
39105
32885
19391
76725
82182
6022
90476
54768
9937
67371
66548
86239
38004
25775
37639
3784
26754
25173
8722
37725
50627
97399
93554
27119
68500
14302
30813
39481
60352
49277
37486
17891
24002
55491
53422
79613
2795
31468
92818
9223
57128
60378
44591
72561
3286
27493
15176
64617
13466
17362
83833
93207
79178
86229
73274
2439
53335
19335
70322
67122
99794
32722
46870
70424
67760
7439
27690
50059
59189
50937
39668
376
89973
95106
78796
53331
3732
53720
48656
36620
79257
22919
18486
57174
50048
64848
4961
98969
49292
51597
95077
74598
58748
82771
76491
46912
28061
91076
78382
54712
80466
32103
43297
67805
56327
90666
27762
56513
11793
10698
24623
26477
89182
8686
38937
82859
6753
98351
75092
1153
48631
77846
99899
2846
18699
41072
84816
7758
35161
44167
64397
42466
38181
22561
88051
53327
1508
63994
71196
28255
892
51777
66620
71804
89905
11087
62072
56343
17535
81275
51500
86802
49600
30078
11922
30981
29871
35042
94604
84454
57537
92888
16322
85133
73804
46281
42938
75446
57958
28819
61403
31422
64308
79675
32345
12543
53965
63896
50614
76676
88879
63982
39758
93794
74720
71423
4615
158
67368
14402
6728
69299
51184
70866
44331
58378
35018
84038
81911
57125
97127
24990
21271
77895
73118
77917
60097
30295
53058
85714
3373
39136
29642
53779
81771
2059
54766
97075
55251
69450
78509
86037
88565
63781
5108
36867
70280
23547
81877
89716
77016
3607
61985
365
63330
7846
9053
53127
90633
47965
98975
95200
46263
96901
10192
17186
75764
86284
30332
14395
58099
34475
95113
31539
18662
89316
19661
74154
73940
83225
47251
51158
23733
64545
205
80269
66308
12524
33361
25057
73648
59352
47935
69279
53510
16950
11363
50317
60066
92300
15021
92791
49298
22348
92980
48865
60619
13439
48291
57773
53924
26040
2415
67288
20020
65701
52535
15709
70972
3284
33283
64867
98240
43721
7504
83686
87760
12496
66981
41390
91111
75249
10293
14608
92342
29465
32246
24223
34187
30750
8975
76629
4849
44992
28568
25676
14245
69462
7546
47417
21826
69931
76141
41460
70631
92064
18725
71431
99478
58835
74131
53280
55319
5477
52950
2180
87203
70864
94289
2556
746
7813
39733
6188
64933
50040
95035
51173
64859
96298
63314
59900
5959
67014
17835
99119
37173
30746
83025
85383
66008
54396
22564
71579
41742
77434
40129
89416
62175
32003
32287
2337
63585
98324
98741
97683
15248
95538
75347
26633
73844
65596
24151
3557
39152
80959
63673
49776
50484
31886
48386
48772
6724
24937
42457
6761
64971
91285
14175
69802
42768
55255
8461
37495
11502
57304
13996
69265
60455
67672
45807
4796
77873
68425
77535
73253
77042
4001
60108
6532
32897
11288
63410
42164
39812
28899
27745
7103
89193
38299
73321
19822
50707
64093
45720
22677
64156
6788
4318
64870
56705
32375
44477
29905
83847
43465
99530
22796
38367
49073
59997
85187
35467
80009
72370
53707
39161
98877
79294
80248
61947
71808
19834
52906
22961
39536
68421
67419
24615
56810
68528
92111
2926
94551
55662
97439
95307
7141
2395
39590
6911
52802
2002
13689
52415
9930
65262
31340
13367
6619
8677
43761
40050
1188
91518
77575
75774
89325
43174
14989
30894
71425
23404
27175
75449
93328
43461
86305
25901
94035
46256
76297
62325
96211
18658
27911
5693
95346
19287
21389
79254
51923
93226
85123
32390
78860
91284
62972
77806
3596
57177
73442
86986
49762
81630
7727
92581
52251
48885
32617
17194
26455
43137
27406
99435
6306
42965
41393
91772
92767
33807
88782
99128
45583
68865
66170
86263
93296
78548
94446
30191
23008
65853
32930
15952
62104
92915
57782
84725
77517
83838
55684
56644
30905
5707
46894
68329
89562
56723
17905
3256
55663
24691
96725
83035
66586
18766
19089
98982
18399
64110
65410
36379
91640
26771
53292
3543
53069
70611
57210
72462
81601
57027
51154
59514
80225
92378
5019
98515
43676
67892
22327
72813
24127
63513
69207
76743
63761
33910
43503
75095
7483
11635
92400
81189
64183
43790
72597
52177
1667
4976
88631
65351
75440
84745
33277
70493
15701
56934
55009
3044
10728
78510
34686
75671
49369
54871
69120
78084
66171
6519
7705
71539
88265
33925
48987
76362
20171
87541
70073
44201
40242
74537
36791
59561
87971
95481
30170
4038
17886
556
89460
26762
23136
46548
50758
20239
25649
31373
7353
21035
77549
66636
66488
51060
79874
43689
93452
79358
96200
8421
26815
88964
30394
43270
86336
84238
93473
83160
96726
76135
69825
31726
92148
88033
8118
25970
89197
59241
63954
21920
40296
8652
7944
32136
63504
92033
42795
76510
48677
20770
95871
91275
12214
21649
18668
75520
48026
23774
6431
32549
96515
39587
94699
44313
6165
88810
7294
56389
65285
45344
64537
94252
42853
23761
45632
42794
6890
59876
86338
48663
3815
82124
89519
94855
30634
61304
46306
4399
78085
55923
14241
99567
26978
95415
48585
50000
30432
46640
71915
72451
88755
49092
186
14115
42726
53002
48884
37382
94098
25486
69850
21465
35027
67380
72235
27040
2618
27869
22702
64877
33739
34214
77343
24378
21586
74874
41473
37986
56826
21866
89733
73666
24502
23743
82717
93358
29369
62274
71346
32887
47672
51596
39964
65728
33301
88029
39818
43666
78332
89524
88046
51034
97214
92326
28850
92542
52988
29053
23102
15595
73296
55244
47645
13965
42805
46936
72757
37592
32057
81931
83331
82110
57803
64012
72268
61295
80217
46666
76829
12689
53815
64690
42353
98069
83682
62985
71034
16657
31611
58110
38761
89230
65422
54985
4321
61287
36466
76351
86328
53821
43702
52627
84340
9801
62025
27588
95554
25624
49980
31132
6046
60561
99844
34173
12947
27999
36169
60730
94766
82261
61732
27976
24901
70239
81391
6804
81361
65530
34514
18371
52701
92656
65503
80162
99432
9718
35241
51859
16895
81260
53600
44986
27240
87823
56808
98980
84918
51257
42199
39710
69297
95132
43438
41239
86532
61163
48900
82618
82415
38154
43377
33580
40120
1231
20033
60443
3465
56981
85396
18494
80304
64055
88685
77727
7460
64534
80251
19115
3370
75456
71228
95293
48000
32528
31816
26051
65271
21927
67385
59164
81537
63404
93615
7467
89179
49778
76217
49060
81020
64240
33735
79571
95836
75004
27306
67715
18948
31954
65588
52098
79719
52726
76598
5864
83664
8483
68568
2463
5933
55914
25827
12425
45402
38865
37428
50869
95178
46041
536
40979
16162
8657
36104
31369
65364
37878
23378
77708
42625
18773
87728
71855
15844
16793
74403
33881
63398
46748
99620
31339
19713
98999
95446
10112
26676
35091
30246
79399
39856
46038
79793
85819
14167
63840
23204
5632
30483
66931
85737
3712
99723
25112
24310
42180
52532
81946
72681
11472
83982
31827
54706
85374
90405
54461
79557
9576
25539
36691
19016
41191
5670
46895
77139
59815
15990
26005
75376
68285
13620
57274
21410
63001
88065
62584
28802
59861
27532
17266
16156
2861
22068
25230
21346
19669
47762
82786
65069
52060
88344
19172
79089
98228
9280
22260
2215
30910
1110
99855
14651
12573
96934
94341
49549
1292
81831
20989
26418
63742
43888
84023
30175
27987
69429
14183
92486
61308
89014
56943
91542
60747
44853
9211
74146
38347
43119
66505
24025
74043
94759
99118
95303
36285
64853
59699
51344
63655
74225
80140
29288
57194
91405
96596
26006
17998
66017
75616
99013
57381
65905
9037
44739
1934
74747
9369
34659
41002
62742
27156
32233
18204
93786
91718
59902
4684
98565
13707
53114
58493
26108
46443
51847
79319
17652
60015
13678
18546
53173
35687
38110
83879
35704
70236
71680
31524
16616
12178
49558
32282
40294
76191
21101
37961
26535
5742
18027
6825
83651
94133
94612
34619
79885
40788
20376
23576
67061
71149
69698
85200
32084
99772
31865
67433
83316
74663
30139
75644
13835
80752
33411
78184
83675
52634
98537
71977
97014
64412
13724
22245
36781
77058
44769
69515
8711
72359
36096
88299
73901
88397
15906
13655
72222
31591
7710
31081
83101
43852
16796
26843
49590
56753
33262
87499
26017
81587
43807
60779
35722
30286
26902
87341
68871
2218
1983
75624
9517
32330
20476
81546
18554
95495
34973
55973
71253
17173
6677
4159
59039
64790
81164
24480
71797
58487
65130
30881
21140
48263
89281
23882
83748
23638
29172
54333
76789
40638
74219
89501
15560
82466
45144
10483
67120
88207
63669
54179
397
8030
27675
67312
41035
11782
23718
87512
70578
29093
7072
2459
84020
59870
29094
84244
85818
18060
4052
44687
17976
51658
45310
24803
10257
70393
62488
56010
99137
79645
16862
20355
24038
1814
81637
84759
84510
85341
21904
16008
41769
54608
60017
67432
50782
88703
75463
83407
41130
16670
43117
92260
40847
49815
21668
7793
52956
36355
58768
32348
16069
72386
21686
11318
37283
24112
50062
17129
15562
96083
2342
95139
74845
43329
73339
34759
79811
22008
77252
33029
42661
94749
38544
9442
97054
854
50207
80516
13979
88676
58165
72815
42575
61206
33264
80233
3011
86071
1532
37713
57132
76534
40100
26292
39624
34745
57582
2420
54192
44775
82169
74267
59399
9233
56606
22388
14917
13777
34949
65194
82691
45234
84613
51232
4773
5889
63536
29028
18086
53195
7279
11907
36110
73741
6903
67367
89900
87945
38877
75380
12657
73308
61010
46032
86788
88466
20853
76740
51664
16631
98521
51407
12815
47008
74852
93899
9273
37335
1841
88568
88084
61370
34804
46491
15537
23401
1865
70484
61670
68892
12881
31676
59862
47902
35707
18805
37119
92264
33902
96409
71924
46375
11388
48001
77672
1719
87976
22289
10211
30873
24613
97511
47781
10869
21867
42076
23263
1099
49848
94207
92941
67858
94391
91269
79576
15409
75606
51372
57346
17843
10573
11963
40491
16541
83103
71350
6124
67397
64607
36824
26038
39092
43231
10131
9329
49573
74140
64217
95890
93906
37846
38959
31646
93813
78542
54624
3774
8293
41773
86852
37406
96937
39858
17267
98673
48989
82292
98428
38062
77256
71543
62444
15984
53766
90927
51010
71261
39117
13481
15633
27904
81270
83163
1665
49517
10521
78018
57081
66095
63530
52211
62133
12370
95564
86279
79528
26328
14595
15745
34254
83082
59874
9543
56142
8504
65522
46354
83424
55508
1928
47139
61386
37436
18645
43652
23073
5285
19513
7004
78186
85336
45604
96657
42740
31800
1711
1753
71641
50229
45447
50975
76341
31500
43043
10851
8013
20649
80444
90941
31067
90823
53687
33337
84701
70298
62491
85727
84593
35461
47438
45119
31983
95469
22288
25342
52298
91115
18740
49210
27943
90054
2152
94783
90798
62631
63022
55453
17815
98510
21293
8369
54303
512
74500
67942
19673
60396
44719
66756
94914
26615
44438
392
76996
92229
66483
21427
77584
24236
3425
10288
18010
13077
82560
46286
3104
49101
98344
1739
70344
53014
61967
32011
18515
92808
78662
21843
43319
66955
10053
71982
93669
96011
67208
82743
16061
40936
47462
44410
21534
73825
48211
97164
36693
68563
40290
99938
6915
45290
75787
78268
2078
88355
42947
52170
77600
79533
44430
53108
8937
64091
54772
76801
50447
13345
7548
53917
97446
23414
62762
62582
68999
24046
35693
88283
52038
47216
56652
5974
97965
49376
58027
60814
51252
3967
96042
14699
23634
98385
20521
8420
66438
65147
59891
48971
30705
52319
66570
9201
41881
69689
46979
25330
53426
20299
47383
28172
37955
62201
15941
98141
45443
17890
21992
28479
18675
29357
8401
16632
34091
28709
57685
59871
92316
47239
99351
97313
62877
53086
5672
59250
10222
5505
78519
40735
69442
43227
26107
96870
90028
32828
62825
53339
66347
13843
89922
31045
65457
26879
85489
10597
19248
43394
14813
55121
49486
24156
92268
17487
44093
10898
1027
22843
424
38276
83011
43884
92732
18872
95000
41210
90667
93999
48999
87617
78339
9267
66777
89523
87738
9839
51879
33671
45355
59265
16981
84991
67431
90192
92350
40615
18366
89709
63183
12344
88742
64776
1073
22324
55037
17236
23964
96256
58420
23535
19816
85734
1902
34024
26323
58133
87729
31772
87781
44323
4722
82987
41013
71095
24217
99406
74864
61137
20783
85749
78028
39980
32983
29873
52333
4617
56989
60726
57115
51930
61271
84218
15534
20037
2549
32584
14396
8064
89780
38075
13575
45184
37348
34993
97530
24687
32679
74187
14632
45247
20825
25251
35888
68967
29170
46216
78443
39716
99752
54949
7001
4971
15517
29022
57472
189
16086
57511
54276
67642
20537
61146
59176
61274
77508
73603
76697
32292
86364
49804
73424
62331
62372
77122
84093
89187
18129
29304
76084
54046
15297
58623
72286
86062
72468
76033
84011
74876
11333
68147
94762
85929
12756
20468
71278
25242
26183
2718
86470
84719
72021
32200
70702
83453
62406
81303
22478
6848
67909
49169
79747
37367
99698
78702
46276
22794
25056
24989
40023
34727
58116
37130
97753
76056
48626
5061
10596
88839
60813
22912
92302
99151
37017
74998
42018
26239
98965
91139
71313
1877
77023
22130
58151
41930
11988
49453
68773
49530
99635
56735
47655
33612
25574
8463
7647
88194
72979
38914
7024
97103
36887
40892
15760
73144
8479
92992
68223
85500
7796
70398
90663
13009
5079
29324
92473
10840
87568
18483
16034
43735
98325
49846
68241
74297
35233
47478
26813
77945
8007
28952
63485
45248
56491
49180
49203
69668
90949
93707
18801
70722
99849
75486
66071
88478
78829
60701
1531
52024
72621
45123
74989
98480
7542
75524
51109
44761
63204
28661
27360
34087
45782
97595
76169
21090
77052
77205
53183
54797
61017
15716
53706
34247
78685
12116
83684
97559
35356
87768
48349
46734
46190
69222
67874
7665
64282
11965
47301
3873
39735
55928
40948
23833
33198
45429
12133
98653
47182
69341
88345
50089
96423
28764
99051
18870
14442
32756
36336
73914
44531
14509
77476
26851
43603
44678
38557
37126
58932
20925
43336
59982
50271
71847
47023
61868
68131
39095
29712
65598
12685
3395
79920
28502
59256
62868
48303
66387
9034
67314
53079
92806
716
92408
29041
33759
23085
10419
49470
20778
18311
33155
31325
79073
99574
4626
88476
20824
82361
79809
24330
46839
23767
77894
72599
57516
65058
7226
50493
3742
44574
45401
67233
8923
10015
89265
22138
29564
43474
13908
93365
23756
49455
31214
63615
69144
54255
13102
42507
45571
52939
19918
22581
49749
53572
58635
39948
33227
33274
82073
59829
36453
61142
85322
44130
99815
13849
28896
78653
16248
95604
52854
82861
24313
23006
83616
34156
65120
50030
46320
30265
41886
99727
28603
51557
23805
1571
28611
3422
7733
60989
76420
25681
89205
52506
5073
95655
65661
90620
59989
73737
87422
68020
65862
94774
37812
6435
59773
17992
7512
84703
4671
13540
2263
61219
22785
98947
36381
96621
97709
55593
5158
32589
7440
99268
31978
29741
36886
7187
88905
71823
50300
1759
27578
61182
30104
39542
96986
58533
3494
43444
30154
92630
53179
62827
58259
87237
60071
28022
36628
32465
66020
15138
66889
74168
25960
12311
63078
93003
21754
3809
35981
51126
19568
9822
63069
23020
41306
87680
54515
23173
3411
50260
797
23883
80783
64090
74787
18788
11142
52084
46952
78889
72040
8354
75219
74585
73001
64098
63252
8019
21257
70347
98684
16202
11014
81066
44165
39335
30575
97245
22869
90081
38314
43133
20458
97238
84242
34108
38090
71446
70226
73625
81314
47964
94924
98803
28466
59361
54238
6939
61125
98691
38414
51100
33676
76053
10679
68127
91746
89340
5654
59584
23697
58365
78926
15316
61292
19098
73634
11026
10404
33626
93726
54957
57215
70616
73065
51311
43656
68149
18478
81493
1055
79245
19742
78690
40015
93099
41682
34691
50678
33348
53933
68016
60742
20497
82619
11174
54566
18415
30815
57687
52996
91898
89512
9787
89437
93300
35516
55177
55056
19235
97425
45676
57240
26605
28152
89070
8951
30181
92678
92192
68978
93199
35105
1857
50397
24569
71285
15536
42479
24913
14614
45362
92769
72267
38265
83725
64407
92696
84526
72026
21176
78780
62929
26333
62249
67171
71628
30982
51980
85363
32965
49510
55504
18532
183
8744
82326
74589
14713
94044
2871
83706
39506
25071
90703
43459
30929
6723
28908
26776
41168
30706
61676
93277
58206
94592
45900
4110
36279
66167
75228
15827
59187
17191
23408
7625
83956
73730
92764
65122
51226
23298
69033
71617
14194
5399
70853
69217
86519
24829
37024
8907
12328
26298
5890
15828
86688
36263
79487
61260
47580
38977
90056
57098
25962
48934
82883
70679
62689
68219
51732
14128
13089
40224
42880
95824
53337
18666
86214
12373
11796
76083
13080
65533
85010
71069
76220
16957
45333
16260
51646
94610
36985
71397
52599
39589
8141
56431
52737
96257
8063
23251
71101
22183
23866
96927
96647
32842
35284
81223
69606
49769
93900
19681
90572
17580
17860
56708
84460
58338
15642
21698
96139
34317
78563
39176
8712
11506
80871
12122
12457
45998
94272
40134
938
73694
62170
9210
70071
74688
94646
26937
18102
16742
93008
55075
10234
47494
22931
65432
32714
67441
27103
53291
55283
8493
85150
33514
90293
41545
653
23167
51791
6112
88394
86104
86122
58865
59100
90904
14159
46387
2516
75247
67012
21329
36478
85777
615
31207
26413
29778
21720
31090
6670
85583
25744
70820
97258
891
82900
2279
11206
68354
26508
11216
24672
43943
76209
81534
43803
72531
58149
80975
1768
15085
98930
67863
20612
7107
396
42158
62330
24309
76055
27816
74044
30331
39910
71174
83318
936
84647
27746
41213
37931
79497
49383
11842
64433
73763
86597
83760
50999
29822
