17872
4991
16085
9821
14556
9195
15228
1126
19421
8503
9335
10570
9662
5269
13518
5298
3011
637
13921
8802
15185
9909
19713
16109
14317
14047
4461
2512
3056
7727
7701
11767
5347
8428
662
7262
17845
13109
13176
13668
17115
5772
1666
17659
16386
7012
4511
17666
6541
15369
11145
13574
4700
3553
11081
4377
7523
19360
5760
10319
12278
9952
110
3282
199
14501
18259
6730
13497
5988
17440
1440
9309
9357
3578
3499
84
9126
11263
1545
8943
18758
14392
5707
11031
6120
13359
11364
19240
7944
16278
13337
8900
4245
5288
248
12796
11390
7645
14389
7259
2287
16419
17901
4045
14299
18616
17993
12616
5890
2140
15844
2752
6736
10336
3876
9795
9352
3456
2910
13111
16462
5312
17818
2960
9559
1554
16711
2437
2548
17427
16824
8026
14752
14288
1619
11736
4510
6390
2328
3807
19490
1004
4303
18397
9522
15708
9453
3429
6161
10796
11834
12201
1689
11776
10201
13664
11867
3926
11885
18294
16744
13698
1600
14319
8663
15312
7824
6163
4650
6823
11737
3023
14760
19612
6066
16303
17204
6782
8201
1094
9875
2214
11829
13935
13764
8991
13322
3287
10173
14112
2023
5527
13702
8996
16944
15234
18634
13228
2687
13866
2329
17170
15736
3331
13279
17536
13205
6569
16282
10600
14497
4765
12398
18632
8044
15642
13105
16502
4188
15307
1970
10875
6797
17335
18177
9496
13643
10006
12579
2934
19593
13370
5064
12874
11002
8399
19754
11431
13145
6406
16957
315
16869
8856
17871
11777
9964
12292
6286
8046
4545
1320
19007
3820
17610
13543
1986
8365
4047
16020
16630
3663
6231
2938
17483
10818
10915
942
7460
3185
18008
16036
8862
11306
14293
6570
9921
15005
7240
9294
14068
4333
17961
6499
17367
2768
10953
12649
3040
8886
12590
10067
2859
3235
1886
5574
8664
5020
326
18973
16678
8887
13076
6639
18599
10370
2775
2322
1957
12257
2793
6864
7839
19022
9095
14884
19825
10644
13564
17146
3865
19961
6790
17917
15571
18116
8944
19597
5691
18562
10000
2930
16894
5
19206
5299
15353
7867
16928
891
6712
8236
11075
1174
9975
11952
77
4079
3059
11060
3243
4164
9516
10635
2841
11555
2709
15000
17073
16884
11013
13656
17914
16880
17758
17708
18691
10269
15472
366
4117
10047
11504
18564
19902
8933
5159
10409
15219
7260
376
13788
3566
8507
6358
7984
3214
8293
16641
13547
870
1705
10841
9735
9506
7414
775
2777
19689
94
9413
17639
17209
5095
16335
11876
12225
15074
10549
13353
7895
624
13245
1522
19170
5024
17854
15441
13783
7079
1981
309
14285
19968
8342
1963
7174
18593
809
7003
5241
14643
11254
12200
13290
317
17997
12612
6214
2490
18841
18526
9816
8752
19943
11012
16585
9433
18803
15354
12783
2577
17545
819
5571
9067
2266
5041
7662
5841
18258
2422
11264
15923
11682
17045
4619
7612
2309
3431
731
10470
5610
12594
17350
197
8758
17611
11091
4058
4539
2170
14508
384
2179
11158
10676
3206
9213
15909
50
17808
16934
1297
7536
17159
8243
19160
1791
8202
4308
9218
11597
8194
7128
3842
9229
2426
18938
10272
19600
11378
6404
5473
12153
1279
3192
3557
2335
2273
1765
57
15303
13216
1323
18266
604
12950
3084
11129
7466
1275
14001
2180
19207
14724
3468
7973
8893
7193
10832
9729
19592
14591
3395
12493
8791
13220
14221
802
13348
17633
7996
6378
19736
6518
2300
7870
7307
16304
15358
19861
3975
9617
8704
928
17622
3822
13052
10708
7020
11924
2721
5822
12241
8809
6332
19300
15563
8908
17293
17082
14423
4449
4263
9281
5936
10379
728
8922
17796
14679
3774
14104
13043
13995
11243
5724
9060
8799
11567
3766
18524
16670
11865
10037
11386
9058
7842
1738
12378
7152
13750
19744
2554
14181
13100
10041
15735
5286
17668
4671
3514
11732
429
14060
12428
4518
19765
15952
9016
4076
968
8594
9950
1899
7027
16380
1877
19635
11049
19250
14690
4486
17368
1154
3933
17132
13329
11786
19313
11957
12180
7905
4794
11972
3117
10596
11550
15130
510
7045
4063
16760
11976
9685
743
14259
11655
328
12976
8742
19677
6679
11916
1526
547
18447
5167
5767
827
10125
615
14524
12797
5369
15835
13870
3083
19608
11227
18659
17812
5601
13088
9760
7230
13312
706
16656
17372
3742
5301
16165
17843
811
5589
5351
2142
1424
8645
16019
17776
702
8583
8724
13623
4401
4642
18402
13214
2470
12608
19236
3874
15560
5773
18590
7387
15217
18586
9799
11168
4622
339
19287
1453
11095
19187
5953
6096
2489
16041
13879
8707
9701
6747
14925
9518
4655
5145
3989
7811
7733
15271
15184
10235
10303
16960
12764
13108
18276
11470
15448
17627
18777
11244
12516
15097
2031
12580
2977
724
11538
15514
3890
19185
8084
912
17868
15070
16078
3564
8370
11167
8673
17902
16718
2259
13058
9688
8735
7841
2362
16842
16168
17405
10809
6159
3027
16640
5827
5897
16432
726
8386
17589
1918
4631
13953
17472
2280
19374
1363
6751
9832
2678
18589
11057
11698
14514
14548
15864
2808
18142
2711
4983
2153
5303
6978
17337
13280
18713
11811
10989
2443
18364
12256
7547
2275
6139
7245
14502
18685
18788
16178
3498
10778
16902
6424
3032
7285
8276
6086
9212
6410
4129
9894
8442
14458
4103
981
18684
3552
9557
7136
2282
3020
12158
11581
3667
16151
9525
12012
17925
7373
6309
3006
7641
9214
15007
1665
19143
15740
70
14931
16426
3901
14859
340
14549
9639
2442
8912
10598
17734
5026
17802
9854
12552
597
2731
1898
14126
17570
3245
4321
1516
18317
10216
13466
16875
4670
19093
19767
19609
16252
18047
13222
1563
8888
3888
8800
15575
7191
3960
17689
18335
12152
15205
10393
10838
15573
17742
944
6256
19752
3484
10802
2855
2674
15014
6262
5505
11882
697
2303
15561
14419
15749
4858
17377
13443
11735
7156
10069
8166
5010
7935
17026
92
6786
5093
3333
18283
5901
1307
10349
13665
10627
6872
11947
1250
15944
979
1399
19630
122
160
3506
8379
5217
15410
15585
8998
13737
8173
1036
8318
13896
3599
3088
2958
6540
15564
625
15724
19087
12148
13954
1253
17781
125
5786
19564
10188
4848
866
7573
19654
10618
10730
7997
19388
6598
13132
4091
881
10118
11936
17864
6799
4257
11133
19905
3997
6959
10584
14522
15227
3903
18256
4817
5821
3089
1808
17345
611
5407
3795
1120
9928
4067
4495
3026
13380
2449
8925
19038
5700
7026
17081
3103
1498
11669
1063
4184
14831
11743
15457
6862
4521
6064
16300
2117
5860
9751
14901
1794
4688
17382
1006
18997
7065
16392
5698
11985
19985
7846
10773
17431
11997
8473
16137
14588
15477
18500
4267
1939
4520
2629
6616
1101
13507
17139
3250
2404
13885
2679
3860
9869
7165
15750
8341
12686
13240
8367
10432
133
10132
18881
9893
14525
11114
7771
803
8470
8616
3573
11059
2344
12356
8108
7490
14335
226
4806
10364
12785
13028
12878
16915
8005
2698
6278
5297
17946
1202
4003
11978
71
10307
12204
11710
7143
9022
246
9430
865
15959
9272
561
11580
11047
17526
4661
8060
211
17787
10182
8409
6136
7478
12707
16064
14283
19508
4256
270
12100
14876
17835
198
12868
127
2835
18127
2104
11424
8914
8226
16180
11356
13810
603
1322
7847
15682
11582
11959
6154
7503
14940
16532
8155
18880
6343
18032
4548
15337
6013
13326
11292
533
4221
16183
2006
5929
5189
18506
10309
13317
18030
7339
12462
19994
12512
6065
8439
14520
16154
5087
12680
3464
4747
13912
18965
5803
10344
703
3765
6931
19785
9538
18233
2543
378
6833
861
20
4255
12432
8839
11657
11132
6897
15434
11366
4875
17055
18440
15191
13711
19615
13342
9563
13996
525
3512
4956
10203
7675
11759
5583
18099
19125
11143
591
9865
13167
3099
6261
6151
6560
19621
2150
18730
12881
8963
8544
18403
948
4016
2515
13513
10353
6088
12345
9671
17077
7627
8527
19830
15490
2102
8145
692
4109
18619
10298
4365
10779
14002
1110
13356
14788
16664
9003
15047
4715
19697
143
13494
2476
1912
7120
12002
19894
6258
16948
19884
894
10938
235
18704
6040
4981
12595
9860
6205
1674
1943
13282
16724
18661
11327
13244
1736
18074
17184
18917
11078
745
14380
15148
17206
12336
2760
1624
2894
5774
6192
12892
18810
8701
15625
5738
15279
2641
18083
436
13876
17688
6632
17691
14145
16644
13436
1827
15380
14641
1158
15084
15329
19525
8125
10657
1293
10145
2220
4143
17094
4167
5254
9991
8885
5295
16814
14472
596
13347
5921
11463
1575
19904
296
17363
16499
2778
8715
12337
12492
4346
1884
3404
11257
12075
9794
18089
18631
3347
7037
19265
17467
9635
3078
15827
14375
7972
7015
8566
232
3194
16862
4084
9179
8008
16297
13693
15791
8063
16340
12262
6615
996
8854
1623
13293
14211
16564
16893
9957
18368
2550
18752
14683
3493
12971
9154
9791
6852
13946
5409
5842
12586
4227
6775
16124
11695
2189
14753
4136
8101
5653
1283
42
388
13538
9520
19302
6306
3623
6144
1235
3759
14595
21
372
19757
16425
19216
10646
1863
4179
19291
8297
18499
8551
18067
9014
15192
1017
19056
12730
6550
3827
7767
16645
222
4388
14140
1518
13454
18711
792
19473
3696
4126
7014
9268
9974
16028
17003
8500
4984
15019
16361
12637
11088
10587
13091
17000
16315
11795
16859
12271
17729
18132
18753
13474
10259
3643
7569
15223
7845
18780
10911
7033
12505
4139
2608
13721
16797
5912
6486
13980
7648
4124
12615
4812
10022
17423
16475
6069
10192
7766
1746
3636
3576
10033
15411
10177
15663
7557
18945
14684
17943
18879
139
14034
2514
15122
8053
5687
12829
13047
17931
13260
2428
15199
6342
19451
4606
18198
298
5112
3711
13891
3834
19727
8282
16479
6612
18876
6825
6795
4534
16026
1801
19587
19455
19249
13746
11196
15880
6092
12105
9462
13402
12322
5510
15545
3873
8608
4293
10984
1509
14712
6588
16056
14557
11559
9361
3378
10467
14152
16088
10997
15958
917
4002
17060
13310
11401
12521
10704
14800
13137
9903
17464
10713
10624
4653
4453
5028
13669
19364
4246
543
41
2255
5455
7077
9092
12035
18767
9697
800
4719
3443
9966
6582
2310
9504
13632
17269
9404
6727
1904
16998
19363
17092
15037
15236
14406
1029
15693
773
5713
13168
511
5184
5031
1687
6622
9970
14905
16198
15212
7684
8355
12977
13475
13525
1676
6381
6382
3738
8123
7025
7268
1998
17631
6709
13262
134
19678
15553
9847
1473
709
10932
18147
15595
13464
7604
4392
10891
7854
10702
15503
17853
6246
18825
5388
3400
7401
1425
5716
1630
972
7221
605
10540
4372
10632
2383
4873
9461
11522
4059
9071
8072
13678
11200
13328
10136
12875
701
911
11534
351
17125
10460
3130
901
18303
3258
1783
12890
19967
7567
816
18866
4953
10244
1313
9777
3068
2223
16446
10649
19065
7180
17938
1708
14946
6025
15350
10032
9554
2922
16327
1608
7888
8434
4596
8075
899
15033
5391
8845
17561
14474
15896
12855
5784
8994
13773
4531
7124
7372
11225
7927
17384
18208
15082
2371
19929
14236
8903
7217
1887
12542
19409
8122
3672
6002
4962
2109
11152
15706
19540
12861
1571
14166
13706
19735
4278
6593
3641
9943
4409
8889
4941
14496
15492
13397
19982
10443
13926
9611
12644
10933
12353
4122
17089
8929
6547
16316
16012
16306
11228
12712
1751
11101
9049
102
13084
11950
15203
1356
12732
7095
11466
837
18557
4546
10418
448
6392
14843
15417
9070
14278
19077
6271
16841
3007
12062
12073
7554
15669
9577
14158
2599
14699
5220
12088
3639
4081
14854
786
14473
4727
13249
550
3041
6112
5524
12846
10487
6497
4438
10788
10697
15577
4604
9017
16699
11069
999
2970
10065
6619
5017
18093
13320
19588
1654
2689
9359
14547
6368
12599
19668
1768
13362
14908
17264
6832
1161
16453
19602
11879
11975
17798
7746
592
11599
2843
16175
4123
13521
8319
2736
6100
12410
3951
13401
14779
3592
5979
5086
3335
7326
10283
12888
9933
2710
1168
15225
12084
14395
4705
3829
13173
7426
14058
16749
1458
4060
7971
16912
4723
8878
6826
3770
7408
14188
3897
720
6812
9544
9363
8316
14339
12625
17140
13261
10291
5394
10681
15194
11520
9871
18823
19565
2597
