5034
5899
8336
3759
399
1285
3419
8569
3711
6261
9831
5141
9828
5944
5833
4574
5524
485
8581
576
7299
8072
2095
5175
1734
8122
985
4058
1495
6531
2176
2291
3389
5559
734
848
668
999
7922
3488
5357
4634
6493
2669
3779
3869
7782
8865
311
6569
2391
8451
1852
9181
3834
7682
724
8805
7023
7605
1568
4580
5291
3841
926
7415
9576
3654
9179
1382
1773
2033
3231
2795
2584
7906
1342
2775
6544
1515
8864
5767
735
3217
8314
1022
818
2632
24
9113
291
105
6957
4630
5756
8556
107
9449
7447
6046
7250
8264
4740
272
3958
7436
2813
289
5991
943
2917
833
4381
3327
7852
9100
1341
7910
4999
8037
7857
7709
6162
6347
7948
3162
143
6810
4860
6860
5369
404
2583
1211
4285
9798
9493
881
9537
8007
4809
2025
9710
7566
1837
6844
5501
5492
3006
6973
4274
9345
1599
3942
4337
2812
5768
4365
7893
2365
7789
5169
431
94
3543
9965
7033
3640
3653
3461
3684
7712
5270
9115
5665
5350
4289
9199
4735
2076
9403
6315
895
7846
5812
1588
370
5803
5945
7324
6662
3489
9919
547
1311
3797
4280
4175
1275
6364
5724
5086
2319
317
3380
7903
6310
7635
2834
3239
2027
5784
119
5555
9387
8625
2510
591
1123
3601
7837
8851
6404
7087
1946
6557
2043
7877
5636
6107
2296
2965
5621
963
9308
9242
3799
1623
7050
2136
7176
6536
8750
1376
7855
2698
7821
5011
8047
8302
2455
7719
5197
7472
942
6689
7149
4853
436
344
8046
9732
9132
1965
7027
6495
6053
6619
7563
3875
6138
2685
872
619
3753
463
8249
7920
6120
3963
2573
6151
9045
7389
3437
1952
2790
3446
3469
9322
5421
884
1525
9311
8964
1784
4977
1492
5958
2099
5580
8183
8519
2627
1049
814
401
6201
1085
3989
8128
6024
3713
2001
638
3513
2821
6748
9221
6887
9721
9975
1764
2398
1677
6826
3811
807
7960
8350
9340
6749
5242
2012
9048
4039
449
3203
7381
1930
7064
1097
5999
2875
3097
9620
1013
1273
7529
7953
2622
827
625
7702
3594
6865
7326
9343
7671
6710
4423
7099
754
5648
6548
5469
9155
1902
5499
6358
4407
8834
1684
8764
4901
8810
8574
9283
1861
6785
9525
6318
1709
6668
9570
8354
7385
353
9488
634
6449
3478
7049
4440
1761
2605
5992
5668
1897
867
8015
9018
5171
3425
1339
7047
8181
632
1796
7778
5692
4279
9881
1774
4926
8312
6712
3707
1017
1885
4263
438
4592
8817
3101
6616
4551
426
9944
898
51
564
8097
6198
3290
8761
979
8783
5943
515
8653
2533
5523
8914
9417
9099
728
9258
2303
332
307
3173
3228
1272
3040
3472
7200
5783
598
2309
1252
8442
3070
9878
5509
7570
2693
45
5323
5367
1829
587
2696
5029
8910
1439
4727
6915
7900
3397
7358
4382
5863
5820
8501
405
5538
903
6643
8717
5714
3404
2983
1710
433
4550
6297
8206
9318
3527
5160
8042
8775
2261
156
2559
5699
2131
3959
7045
8521
145
88
9284
7681
2967
9502
4179
9815
2340
1136
3819
5807
4099
3492
2649
3731
4347
1700
9145
1290
9436
7781
6174
9227
4632
639
4549
721
9557
4532
1554
857
5334
8828
6431
8436
7269
6460
975
6762
6871
2327
7275
450
2904
2468
603
1089
6897
8412
4435
1229
8814
3956
3883
7182
6215
8642
40
6934
8841
9078
9252
6549
5788
4424
5904
8863
8321
7524
6010
7222
5236
4069
6299
7859
4478
8934
4003
6634
8999
7632
2884
8513
8938
5269
3263
4967
164
693
1760
1564
2226
139
1737
6294
894
9859
879
5948
5585
3800
8431
709
2518
1600
2432
1755
6004
8357
9498
5222
7755
2371
9791
8594
9246
8463
7526
7711
4636
997
3864
4232
8140
8527
9941
2855
9983
8359
8053
111
3690
4651
1214
2673
3152
7981
2240
3515
1037
3609
5280
9165
855
7744
3270
6245
8460
4098
1807
8260
4080
4958
3477
2008
1094
9081
5176
916
2177
6246
6597
2947
121
9158
7109
3965
8276
1507
8441
835
9241
718
1910
7918
6214
7303
8049
1483
9577
3465
3050
9914
920
1882
1977
9598
2975
7180
5443
819
7371
9715
2491
9254
7767
4553
2067
1357
2392
4165
2598
2222
205
2053
5797
5310
4539
9704
36
4721
9829
8600
6443
6614
8180
3607
8744
240
1875
3847
4310
3560
7369
4391
288
6371
5690
2810
4729
4324
2404
788
3824
1248
2628
3659
9212
3360
6889
7565
3536
342
7594
6417
5931
6641
1725
9910
3709
3157
6124
6368
6269
8424
3442
7774
9439
2545
9124
2048
4506
2643
5047
8338
9299
7899
9627
8434
3933
9679
4159
7528
9970
1665
5573
9740
3991
8086
5437
3663
1511
4569
6281
4194
3742
6640
4885
3857
8377
4216
9560
1177
2130
5065
8588
6823
4711
2435
4116
9382
4377
8622
4457
1961
9738
277
7186
7885
6156
5231
6988
7815
1197
7503
1805
1556
3814
8324
63
234
7726
1416
1547
9935
5094
3636
5319
8100
1209
5711
6849
1150
719
2868
2337
2486
1119
1257
4949
1249
3530
3559
2256
850
6534
4037
8340
1809
8707
1678
8101
4760
2414
2849
5403
5346
7044
7937
6916
2270
220
1083
9749
3341
3941
4416
2170
7618
8536
9475
500
8694
2032
5885
5348
8714
9973
9825
3538
1412
2109
2115
484
2235
8326
5644
7553
7084
2803
1152
8874
5793
6470
6997
6937
6018
9963
2350
5854
5565
4105
2797
5503
1462
2009
9753
4057
7462
9626
843
386
7813
134
6268
7691
2986
2156
218
206
7284
2028
8022
1702
7758
9915
8858
2562
5267
2335
936
9794
582
1493
9858
9591
5195
9255
328
6185
1913
7088
6834
8376
7069
8654
5233
6305
2396
2899
6139
1450
4261
7879
3778
5219
1400
5512
4586
840
217
5427
2124
1125
9957
4752
6392
2750
1591
1604
5209
6841
685
7038
4814
1724
1643
9909
7432
418
1134
9764
5864
2362
9855
9053
4615
1813
