32291
29531
45229
28238
7546
20750
15975
10895
17888
928
23555
48011
45250
39035
38802
8097
49806
3219
45486
20807
8502
27734
22744
28549
29991
34562
23248
19874
31725
36206
17402
49526
39426
18042
21015
19860
22789
10478
28800
21304
6402
24137
41516
16169
3182
29371
36474
37462
30455
40563
23505
20381
44072
22565
23584
4925
20287
33871
15315
49847
39524
29992
2143
852
9976
12194
18938
48243
6823
19128
23873
27371
6862
6617
5421
6055
29686
28431
8474
7146
33934
46185
2667
1066
36975
5877
17269
2097
7179
32566
35402
11978
37963
16817
7819
34765
11702
17684
21386
10162
6432
42095
40900
19186
22377
45057
11053
44670
42859
34218
7083
29740
3424
29064
21016
42185
20986
12882
39613
19972
24572
26872
435
20691
13050
15163
10421
24802
24338
18270
18902
16849
32196
48119
39980
1626
15502
31772
43821
28029
38214
9389
20116
48029
24743
14958
35764
13343
39338
21559
37405
9988
41123
17192
36688
44928
1994
23163
23987
8607
16267
28180
47847
46794
24667
37778
43378
41587
31181
35240
36076
17505
48171
45972
1802
34718
5895
18725
37308
15923
14899
23145
4426
38133
27997
25753
4380
17007
34322
36691
7561
38780
9183
28235
45732
15299
27722
31650
18204
46735
40095
19845
45997
24619
11016
37050
12070
24060
39975
23132
12351
3460
12834
12382
39605
41853
13749
39008
23286
28696
18922
13273
44764
43546
12443
38378
26526
8895
33864
19425
666
16318
43000
37402
17443
18755
42532
2270
34344
5541
42609
44503
43189
27195
1473
19729
9306
45568
37600
35356
35991
2614
16939
48312
23696
40223
19414
21626
14354
29648
1490
8572
42080
7167
9651
45531
1175
8558
47887
18452
16660
22039
28588
952
21109
20424
37414
27111
46874
24800
29085
27520
38927
25988
35632
5448
24336
47026
4729
26005
41585
14977
20001
5011
29532
19765
3022
20342
5295
38755
23295
26936
7534
5694
7377
29446
26730
43920
23274
2253
39405
3612
16984
23728
17336
21729
32110
46911
44050
26184
49502
2890
37529
44472
41927
21266
15826
46229
41488
3979
48627
21819
40376
39337
23777
39507
31610
7259
9542
41575
42051
18026
29910
15236
47777
42148
44812
17654
31529
14835
31400
28970
40635
9458
28900
49654
35024
8226
1900
1349
31604
35941
24447
9060
9208
3026
28031
35548
35077
29317
43644
4950
4360
12467
34138
33634
40495
33759
30318
3429
41161
42115
33962
8422
13788
28617
17843
27442
6426
16182
36060
17618
4667
13235
4744
46289
28304
12644
46114
40500
42017
24213
7843
22970
43859
40337
49223
22460
12217
46014
34426
3502
27457
2689
5499
10464
45876
36864
40925
31385
14945
11784
34865
42214
43043
40708
27717
45750
37711
20011
28195
45297
47306
46858
14733
29970
39732
248
12014
28022
27135
32447
29061
39192
37179
43526
4126
33267
9219
3836
27130
44622
5312
765
30468
24042
37552
26038
8188
15409
45
44299
26977
11777
21784
32795
35069
14340
37651
28654
12096
5617
8384
16821
34557
36017
17116
2408
28262
20534
47258
5668
25857
16540
48000
1443
12662
27227
12359
857
21984
10607
26283
49342
21025
40324
3878
48610
21755
40579
27928
34505
33973
42281
2463
13373
7991
47354
8387
3951
43343
4236
35553
24665
32798
27450
21994
6417
16326
46034
44910
17002
831
37572
48143
15873
10491
47383
36040
34129
15840
4630
19478
16145
25733
19381
35263
2046
46348
33291
46671
44940
1931
46105
18916
44822
45458
48703
11296
4128
5772
23825
34042
26620
27535
34686
38500
43992
41600
26238
11421
40344
12953
21768
45480
20049
40308
47565
29880
10896
21395
11896
29007
31414
27174
33769
29309
4538
24651
17482
20083
345
27345
31647
23164
31906
34730
36395
11415
2103
8435
19491
21253
42466
37955
21712
37200
615
12763
3924
36250
14763
34416
44951
46685
37250
46389
32073
16649
33745
23184
38529
8478
20064
27768
18309
44491
20685
15363
43844
6573
49092
7747
25324
29592
2574
40246
1668
23453
24257
9360
25856
11128
15397
14569
38676
46806
38587
12935
14549
8716
41282
35846
10330
49648
39641
43340
16161
16365
19464
42945
29219
20330
46155
15533
2186
33841
16896
10070
4587
36410
18104
30240
12190
7404
28480
32320
4572
27072
22833
20029
39951
14056
31201
24790
10341
40036
6311
43728
47580
22414
46071
41732
34039
45135
2400
335
21830
26708
34955
23065
40429
16636
42974
16260
23915
6900
3168
42592
35489
37685
35679
46133
14983
2605
33435
19831
49693
31859
2557
35616
41543
49690
37271
26793
30504
5601
43451
10569
36965
34001
31986
1210
1804
19696
27770
26133
28186
41406
32530
41951
23399
1016
10487
8979
35951
45285
29708
5760
36404
41391
46462
25149
40698
38469
41384
33509
2767
15552
30810
28877
14947
25156
3113
26990
12121
5317
27212
18929
33535
21368
4484
9925
47911
27448
29153
14741
35477
27400
41014
40964
40971
21681
45146
41805
36828
40833
6091
9945
3542
41639
6347
33252
38332
12890
2216
15293
42668
33354
8350
4554
45572
24631
15836
14147
29812
32639
49922
23989
18612
43594
7670
26485
40181
26804
13375
25446
35081
5127
8356
1911
44980
23677
42065
12822
16962
49048
24497
14301
1788
34979
17848
28952
2795
6740
13224
35727
38277
7666
44066
11839
49619
8173
2768
13562
3604
37613
42112
4540
8930
29183
41021
20362
49492
48003
25075
20104
13118
21346
32012
16867
33566
6096
48958
20316
31671
9080
37548
12759
26179
22594
41682
22319
36261
16122
25279
42574
47208
11463
6872
40191
788
3030
22250
32758
24467
20
4505
8380
7463
11741
40043
34891
26114
43400
25775
22453
9780
23983
41359
3552
13430
429
11508
5359
8268
43901
24639
9801
32659
11597
12454
17789
8288
34066
38099
33689
14448
49051
10177
22393
32097
22669
26664
38514
27379
39960
44959
2542
32354
11274
46751
7250
48893
8828
17905
16742
8551
267
39653
28857
15693
22257
19330
35725
4735
1716
21516
25293
26262
26293
44905
46188
14645
47947
28760
25960
3493
34097
23661
22208
10221
33068
32488
29283
5223
33095
8206
9276
18639
10023
47188
35905
43284
10071
40122
45723
40420
11057
46291
44390
37103
3520
17544
42478
22506
21236
2104
26374
31638
28074
44086
49090
28130
5598
35858
13592
4165
26479
28895
5290
36292
6643
43663
18872
41140
44900
48309
47706
3484
17466
10593
29250
18297
6116
32289
39834
10751
14916
4890
5756
30427
29263
25907
5879
24084
18544
17981
44566
23442
22235
38406
34493
30569
11220
28375
5131
24610
41669
20497
10961
42061
27057
14428
43195
3155
15393
41053
19190
2956
34840
19140
8306
25018
7717
43433
39603
575
20571
25232
1500
10128
44853
33091
21146
40387
18037
24784
30952
21973
33139
8370
43111
2923
10784
21502
12002
28927
43255
26246
40928
28092
21737
14942
20811
43055
45896
41820
9352
37682
4550
46702
31303
29656
33681
45635
16121
46907
38627
33416
28629
46027
3897
18068
4536
32590
5690
4159
48778
29343
37930
44201
28486
25699
47330
21049
23175
42526
13114
19422
31730
34894
949
41555
763
5835
12930
41674
3617
33026
16764
19779
36633
933
41398
45871
34681
11911
12996
220
37702
28582
31608
24993
11404
19681
43740
28763
9405
38893
15286
10856
39981
8530
22478
6057
2257
20119
26996
44515
5532
22626
9777
33069
31300
7324
3084
1136
19915
5059
16986
31515
49118
5792
15030
10756
2721
45392
413
6425
31910
17803
47518
3366
15807
19153
23051
20754
17471
15897
40855
37505
35589
18411
17886
32655
47164
20509
47912
19998
24908
8546
7247
49696
28869
6127
33701
14713
46951
28712
45157
26194
34569
774
46357
48327
2793
11143
34174
46701
38328
8710
5573
14120
31811
17891
15773
36710
43376
35284
19576
2361
18833
43281
17063
42884
37558
35259
46392
39729
19656
19686
42754
2544
40265
26887
31116
33054
38875
46900
21918
13146
12818
17360
20627
37605
1619
22090
5129
40183
41101
24882
36041
17077
15465
7416
9293
17200
26058
21480
10969
26160
19306
24431
31909
44689
3001
49145
23154
17073
25894
40717
6674
48014
38217
42180
11596
31123
31029
42633
32456
27663
35467
10208
3690
23610
27029
20369
31845
40385
33613
20276
8702
29110
15801
37253
18097
41921
29268
44707
15351
22466
754
44490
39987
2471
47855
17515
9497
48403
48355
45644
48563
20334
28643
5048
2877
12919
21070
43666
5023
28958
6327
42124
9194
3788
18949
9380
44004
8017
11372
40593
11643
19804
17617
4621
18671
47190
16851
18512
30332
13893
25373
26901
2468
36723
409
3139
46394
14857
17023
46050
24922
14304
18169
34879
22164
28285
48865
47538
18553
33620
25809
47845
20538
33686
32055
7714
43739
1080
31388
40254
40975
4209
11649
42408
16312
14436
9580
42292
49498
37947
33358
35766
17355
19199
15127
49462
30798
48815
24853
21203
3321
31778
43905
12469
40476
40448
34739
30825
26376
42688
44285
4317
37767
48411
24248
18719
11069
8567
26642
5659
7886
31277
5461
19965
17906
34915
32525
36108
47564
5676
46440
39476
43696
31746
42288
398
27050
25444
30627
42446
45126
21792
48428
5304
30012
23804
23146
42405
41424
18501
39276
21742
18742
33431
33510
43215
49012
45941
36845
22316
39287
47610
49705
2629
14243
23947
11298
19962
8650
2283
45182
31666
4387
36479
44327
21365
30295
48776
29748
35913
13188
49970
4393
36427
8526
2054
41418
11876
12727
31189
46930
43216
14806
3756
23277
21415
34019
24863
43261
40820
18818
17057
28641
14985
4707
6622
18417
36158
48239
6217
34253
13940
25055
1561
20699
11758
5158
18203
743
49571
17955
48351
10938
16739
1926
49545
42752
6538
45765
12451
35847
13986
44610
23405
41716
33628
16617
24027
30335
43406
13321
13027
2071
22873
44349
30450
4714
7755
33221
38613
41011
49745
29998
17855
41520
13371
25992
12928
46056
13125
40653
26588
14795
21752
3145
29432
3136
49042
37048
44752
22617
25806
6260
35734
45100
2418
28689
36385
14718
14325
36517
23007
30803
21173
3509
26484
19473
45166
45137
12396
18254
10496
22510
9181
13725
9221
2100
19543
3000
28999
3765
45581
2883
35017
22296
35563
28906
43001
43617
4465
36320
31592
18932
3472
28504
25708
2461
33572
17941
11457
10761
8014
11331
3534
31695
16201
13320
30047
6925
33022
1867
37074
25882
45686
38930
48800
8063
11178
40130
25870
32700
20185
5404
1890
26930
42150
45663
28002
22770
11743
34400
45257
48193
9286
47790
6644
38091
13424
12680
41878
29752
7253
47497
12409
28204
49096
32246
34015
21824
2946
744
48213
6596
17085
6743
23159
9647
12695
17430
18857
36661
344
19375
20311
6875
17577
48565
33915
16457
23861
16301
5738
34293
14880
490
3380
49300
40382
40723
40247
16114
6871
7791
45757
39803
23469
22398
865
14968
6784
19508
7423
6774
47661
49649
30231
33113
7169
5301
24313
29838
6624
7475
36721
17030
22633
32088
43507
11934
17583
4956
24774
47641
41628
4921
18688
35216
4774
36465
3263
2773
26105
5642
5248
15379
10603
10007
500
47404
17538
3700
6368
42271
41521
4732
31565
6186
48328
23903
46494
39256
22964
45651
49990
40603
32424
43368
16374
44229
45669
24848
25765
39495
27458
44324
24479
1346
19223
130
22079
6556
27162
13067
19442
32839
48432
38109
45316
27773
17488
48137
47664
5139
17642
16337
4516
8165
563
30066
5819
17548
30256
22401
20652
2785
33837
34735
41949
22700
18670
39126
17783
31078
49461
45666
35937
1178
18898
8511
35761
1471
48418
21232
11557
9948
24074
1916
14258
15785
40761
18527
44967
18461
11659
48547
30212
8726
4174
1654
10259
2017
1790
13408
38145
44088
30750
13327
37210
37978
5841
46182
17874
30067
9640
31298
24129
13123
34206
32664
25180
45637
44061
6221
37515
46781
10268
40325
21110
23888
42918
908
5632
18868
23886
8640
13450
32548
40787
49441
18939
29330
20701
6658
21556
21342
48114
33058
28802
12693
44657
10567
4386
2523
3777
49275
4623
23250
9718
6281
46692
34357
16857
16919
42145
32042
38053
38634
21315
30633
27970
45190
26397
23151
24045
22940
11100
20167
47952
969
6893
14998
48792
16556
10107
9748
35182
5262
14858
43583
23955
11445
9897
22292
19452
49734
9253
24874
3855
8873
25392
30483
19291
28284
6200
6269
8764
29230
28823
35575
48072
31547
5053
9727
15252
44498
35132
16209
16308
3818
39716
30394
10164
19053
18353
47010
35063
25442
41163
22843
13560
45821
42818
21495
34797
48083
12926
10552
35883
804
24792
31733
10627
46500
23396
22251
35853
14802
29125
49458
38405
1383
33187
41487
5720
1590
45796
6190
44162
25633
17312
32199
12073
17819
21269
4180
33025
23172
8935
20604
5928
29244
21127
42677
36520
14129
28528
4412
42900
8279
2615
33596
24477
7492
38818
9558
34975
20193
48258
44234
8629
37072
49766
1122
4246
36599
13502
10817
38626
35526
44533
21569
31937
21907
29349
36189
48544
36812
23616
37740
453
4515
41383
26265
49755
21807
37447
2305
8252
37073
48038
9519
33102
42808
31333
11109
35877
34399
9764
43388
31132
38890
26914
35972
18582
22953
12010
37067
24365
3644
48063
5340
15524
11394
19858
8441
3948
13103
1635
46075
32942
46822
4919
10278
48319
34805
40086
48723
47742
20092
35011
48705
4987
20146
18775
5797
44493
21121
5795
17581
47308
17240
16376
47452
24859
37385
29319
6284
21543
32803
47391
31907
619
30333
7170
27105
18168
15960
38809
33153
26369
33437
44089
22722
35904
13286
27315
44613
30553
36452
349
48262
46573
30081
36614
26463
3160
19661
14270
44724
5822
21604
47797
10706
1415
47910
18035
5187
42919
30142
45897
12151
23546
15844
16957
44429
35054
44579
24204
4991
23470
3052
16853
44784
40739
13260
11426
36525
33806
24448
40124
25381
39450
11850
34837
31398
38056
42534
35254
46304
43724
43373
29650
9233
1906
38062
44747
49549
8085
42983
39892
24891
25864
42063
19039
18756
25923
12508
26076
17054
28017
20955
600
46151
37793
12130
3569
14417
10168
24420
13923
9587
26110
39196
19645
48717
24870
22126
13645
28711
32883
1582
38519
41165
42764
336
20068
41210
20245
193
3226
10874
16470
15721
7264
32735
42224
36667
19969
36971
10385
17080
28748
13687
39137
44042
14516
48695
25220
27302
36312
24205
11379
22391
6563
41003
21586
24944
5484
19234
47250
49511
43143
21343
4841
5104
44283
19498
48167
30759
24476
25094
49728
42845
38428
41484
45835
42047
20581
705
48733
32234
27539
30050
25785
21529
46644
40275
42514
46455
36231
1639
7003
32529
10167
24378
36342
18900
15101
23467
14756
23081
18045
47342
9568
34498
16985
33530
26507
5623
19919
10309
15798
46175
48050
36969
31585
47187
8034
40299
9414
38664
27129
2157
4191
13041
10555
30941
45328
28590
43900
40227
34636
43420
5370
21970
32900
7409
9139
34142
4682
2256
3770
49576
47861
46712
12195
48133
24979
25005
40238
40266
47645
24532
44002
9377
26585
22838
49546
8037
7569
28001
6799
32524
12486
24731
20055
9133
45133
38794
14386
36976
44369
39599
39900
16055
49897
9842
5626
6196
22332
28530
40809
945
507
47873
5978
1955
37163
17175
27834
14970
5333
32886
26373
42527
41184
13208
23974
12040
26624
22957
37199
5487
46452
7638
21781
35055
42615
25314
30041
23458
6748
19891
38395
31929
12364
47892
1315
28982
825
12881
14854
18758
31113
16115
35547
5728
29315
49378
42955
41862
34807
3414
45621
10264
30727
48754
27929
16471
36649
13600
33913
14086
40470
10079
4635
48071
23918
47716
178
17688
7530
47145
34455
19152
44040
21348
42962
46490
16583
30040
37576
4650
4075
48186
2464
15709
13032
43884
45034
33103
25130
31904
9374
38975
7023
44765
49173
31622
923
5578
11966
2826
6372
2224
21942
13912
1236
20857
4345
42205
2454
46814
49581
6777
23204
22826
34052
2318
42737
27991
48871
25212
48570
3688
45982
7127
7916
31356
37283
38398
38312
39362
47172
48212
7987
7369
31574
3496
13712
19204
23195
28161
6008
26894
35652
25776
1314
43719
1247
10675
39762
17934
41036
2341
34389
34118
23513
15490
44599
15563
36084
29869
34925
36374
21708
15774
8718
39610
23586
16210
9195
21020
15199
32260
23561
37953
5997
41956
2063
19797
44388
26938
47428
41617
38485
23472
35500
7880
1996
47762
9598
18191
49229
24344
47916
47210
47264
46265
14534
20894
22166
46516
3870
28282
13215
42141
24816
30143
48413
25612
49853
28318
38320
4963
28527
34999
11722
46937
23797
27282
36408
20013
17275
43852
5497
19960
27048
9119
23503
3348
28275
38962
10205
32630
13686
41703
3008
20629
162
38219
23934
18892
30918
8095
40478
33143
42468
46973
41223
22901
39779
1410
26013
16836
5621
31231
3975
21938
46160
6711
16646
36466
11410
36789
34307
33383
35923
21347
39626
8090
26609
39637
11987
38662
32774
47611
17565
23431
12743
25173
18152
28450
2003
34127
44688
13025
13089
7294
24934
41741
22418
39470
36585
23330
9932
11971
33533
45552
17734
29184
14757
18516
42614
34769
17632
22152
2250
21651
45533
21492
25799
10187
12331
44759
31627
34223
20921
32621
5554
38560
40141
30163
17510
17821
7064
11364
43135
30765
7298
34280
14818
34496
14931
36823
49360
26735
25556
23620
27216
48559
18220
8022
45286
32391
14036
15997
38901
44253
3260
42220
36442
18484
12032
41410
39896
17788
6440
29364
14961
6583
13690
29727
17184
25025
39608
2174
42091
49512
18750
1100
33523
29590
38628
5086
41940
4751
1542
14437
47570
2404
3549
45800
32922
47080
36657
29863
11747
46157
35814
48618
43567
27796
29806
39643
12650
12654
1274
9358
19385
5342
37608
24382
19181
11686
5664
24327
42538
37622
18167
13638
25022
23413
27294
45841
25764
6939
39881
23079
15138
21989
25209
4828
38763
29114
43062
1495
24422
15073
42149
47539
25364
4190
32486
9140
45948
8172
304
18088
27446
21735
48049
34640
15696
44386
3368
1601
16417
31513
5126
16246
15758
7239
41149
42450
7898
4229
5030
21124
15062
9227
48796
1837
1558
16788
9818
39268
22679
3914
31015
37837
22531
7340
47764
30484
5899
3353
9388
28955
13217
23022
16097
12863
4959
116
25541
13819
35617
30929
43266
30042
6477
4100
28808
30799
9310
3329
6839
42204
176
47928
40877
24907
10908
26328
39810
4235
5987
15049
43856
26717
17773
32797
27100
40361
26148
10591
31283
47405
6776
38203
26208
23412
35282
26557
39388
16435
43983
1400
17719
4179
24312
14140
12652
34381
10517
25107
1327
971
9994
43418
43641
11323
24062
9735
6769
41735
45463
30140
15710
18036
10852
14453
1999
39130
37242
26732
39394
4627
26466
48840
35839
17630
23585
13692
47152
19632
5886
43947
17492
46724
36343
40395
11490
23575
25291
28502
33507
24621
22924
9806
5806
19875
33638
14224
12225
45467
23091
7652
36065
7110
19677
15045
9628
34290
33458
16453
31899
8951
23950
41704
8527
18439
2375
23214
13154
27803
30238
18837
37645
33697
17726
14223
47957
43520
48866
26181
30390
12213
23718
24014
5857
14380
45221
43314
25903
38980
12917
17869
37657
33230
11343
37567
36398
35873
28386
34656
2291
3239
26496
4250
20825
2067
49256
17880
33578
12144
5771
30554
21859
1003
20387
45413
37017
31902
22403
29836
42516
36393
18934
22385
36245
10108
33459
29305
45811
44944
36610
24146
14264
1851
12965
1674
8874
17696
45990
35015
1555
39537
7016
14656
11834
13368
49917
21603
14315
9035
44917
49423
4318
4562
30552
11541
26322
7889
38047
26602
21302
41576
18128
14972
34984
47723
1768
8219
20190
942
20821
44407
28880
23791
40454
24704
43515
6734
18666
41976
15446
36358
38982
46483
23539
4137
90
37753
517
7397
5836
27401
44632
4254
24306
44809
19055
49675
32785
44111
3279
4752
24214
42412
28506
49018
14780
24640
26514
5232
17040
2719
42087
37325
46422
27418
3147
11825
45162
22100
8120
6050
38798
2681
49762
26115
18763
13633
8881
14654
25802
16383
26543
22070
47694
31339
48894
48115
48518
48230
702
35456
25627
10754
16372
26092
46529
49928
27089
22293
16723
20911
46611
36985
31748
30813
34841
31791
33593
22464
36424
29508
40330
25265
37984
47939
32980
29514
34783
35167
38344
12432
25560
22182
15753
19045
18548
6946
1510
44803
38045
28561
44280
45904
39120
40336
45498
2077
476
23532
18346
22694
48064
261
35822
8684
43423
48357
28621
19878
7302
14749
48878
24381
3778
32003
30865
3434
47938
42557
20123
43130
10198
25716
31686
23477
6140
24899
11561
35803
26402
19838
31887
3567
18299
10175
40107
39651
29483
9963
6491
7742
23739
36550
25899
44492
46949
631
31224
581
14
15433
12383
27017
29378
26909
20048
42546
3049
26082
24043
23080
37518
44898
19448
4454
31847
41317
42314
11729
39336
23642
16895
19224
2127
22641
8515
44243
25980
4217
31051
23116
38535
32996
38342
4139
40639
3823
49227
47063
27962
8806
32026
25329
35450
8752
26124
48209
29316
2551
15142
9159
639
47156
1364
48187
37689
22371
32494
27354
8706
37964
2640
3511
30242
25057
32757
9974
38355
25426
27738
47200
45071
28619
41336
29523
33260
32105
20914
19609
28233
28230
10286
48069
13349
29464
67
5686
18471
6587
18393
43537
601
37467
33215
10368
48526
48581
49403
14141
34826
10265
40668
44825
8741
7995
35717
27289
780
48904
43299
34465
47726
37546
18991
47182
15667
42748
11409
43722
23501
22863
13522
11210
47064
41568
16149
13892
30029
10117
46798
47477
16271
27818
24490
25328
23707
48987
15051
8661
46788
37973
12707
1982
4079
23441
17038
7162
19445
25585
4824
2817
45921
12657
30122
34715
43880
14111
45389
21350
8491
23
31470
8542
844
8149
41115
34673
8901
8897
31579
39908
40530
36096
14957
32077
14409
47103
35314
14118
37420
9235
2622
16125
34166
8316
14132
29437
18129
32957
21654
42116
40652
23822
40080
29438
30299
29150
7748
32444
48566
40113
37872
30162
11441
13807
43133
15420
39850
34155
11322
17832
45117
7135
21277
21081
22581
20027
11993
44675
26880
43658
28191
27683
28448
19841
40695
41091
7063
22570
19573
35407
4301
3009
43786
39181
47237
31187
7722
22422
43815
14840
46848
24871
2135
17736
25507
31687
32365
45092
33229
11301
30316
32848
35147
30779
38569
35525
3110
37483
32420
25717
49385
39996
9837
43944
31898
30937
19798
33439
32130
47221
40279
3159
38776
34675
10508
49968
15075
48478
11923
12826
14953
18735
32541
2583
5947
37278
10106
47175
5566
16052
963
34634
13239
46898
14607
45804
16472
29059
42475
19541
31293
45679
39014
22539
47120
32021
3121
7157
33736
15247
31326
14054
13961
7519
16520
23281
20586
37133
26822
49856
40264
47079
6919
16303
17659
35318
28974
1711
46261
566
17611
18298
14948
34641
8211
49672
16049
5360
37299
48686
32027
8882
685
23624
39204
7824
17528
8405
21339
26166
27097
38379
4019
32107
727
34110
31914
5399
47144
14635
25695
45616
1445
33944
47798
4083
14018
7323
43369
48120
44529
42160
36055
12152
19880
12328
14768
43822
49532
21766
30930
49865
10076
27869
30532
37197
25640
11926
22982
21944
45805
39310
43019
38063
48852
14649
9176
125
34803
11063
3839
39220
49111
45590
48711
10827
8448
21438
47759
13179
1868
31423
4780
25542
27901
22959
26006
42107
33021
28613
18127
16615
2145
47772
38547
34057
49473
29169
32174
19016
29522
14124
23402
31140
6483
43573
27584
5279
9486
41214
11096
15312
13619
26061
49420
14110
31776
42009
18229
15881
42027
7818
39164
26403
5844
20708
29190
16466
38003
44972
27729
7361
45311
37226
15811
38750
8978
38467
41970
40338
4896
45889
48940
32064
42528
41344
39944
40551
18641
13663
28240
9632
14908
40159
4776
16158
31324
27638
40816
16484
31711
40099
18294
24303
24976
19482
23766
24987
1051
33281
41310
34750
48341
29545
18150
21949
25498
8938
9753
6421
49442
39062
3035
10893
33394
46732
46283
17283
13141
21189
49283
49346
41581
8366
31002
3289
31103
38108
18618
16134
9605
24656
24628
33282
13073
16206
1491
12895
35933
5170
42225
39141
18584
27150
10923
11044
41106
34062
39491
49265
20309
1316
8750
1225
14439
1139
4168
17915
48699
22732
33178
27344
21312
3339
32271
40469
44829
17887
3891
18678
34861
31417
24652
27205
8605
39793
39433
4957
35387
7839
6661
40768
48197
32059
28653
28036
23683
21941
49859
7829
42458
35384
44326
33254
19646
35172
18585
20601
3077
38821
49739
6115
15494
10944
22101
37341
7421
48823
14281
47730
6584
38595
32964
48635
12103
5758
45233
27028
40873
28368
41494
30319
39826
47981
27585
48314
5101
42744
7971
5372
34477
20489
901
15134
8866
45027
30200
25901
27484
4693
6230
49749
24102
7109
18020
35650
36839
18709
37976
15481
3225
8837
19316
39857
5951
42637
12136
15980
17658
31652
41804
6792
23732
22824
34260
10387
27211
5225
16989
2218
36692
25300
16545
41604
30461
13937
15010
17302
49700
26315
46643
20025
14422
13926
27774
38768
973
29957
15229
9661
45184
10204
9551
16195
40839
1107
16883
47996
22093
10755
46597
4500
36315
11277
43854
14355
12173
34390
32377
16577
36441
22131
28821
3371
2526
19417
19420
37990
33489
5063
33304
26020
6938
37456
30171
45710
41532
16159
47474
34061
21047
4277
8104
44856
34342
49200
44359
39670
92
40713
14555
16995
47600
13266
36212
49831
43863
10671
8553
11715
5199
8961
28848
25008
18102
39895
11565
40256
37970
19458
49263
11786
11795
15895
47751
11470
23733
38129
19371
21854
3082
40388
9384
11050
15221
11750
29581
40353
27758
807
45668
39969
21665
20756
26700
45760
12280
30687
4876
13285
49316
16854
31988
2684
45205
5587
35782
21165
25222
44567
22538
24917
44535
43869
40871
21780
21450
30076
25259
44742
29058
26696
25783
19406
44583
36022
32192
38579
46109
11944
28657
45688
2816
17011
16604
24112
24436
104
40158
3489
37105
41829
39317
36163
46134
42333
35564
37445
47303
32990
44732
32138
17989
2329
13874
778
45093
19917
11989
46110
39692
40923
23858
8829
195
11229
35505
32763
31656
28482
17431
21056
11855
29054
24786
43624
17421
31736
31426
38940
9480
17749
44858
19286
12741
4362
38126
43667
22968
26545
33136
45222
29050
34473
25736
33609
38123
41988
12779
12341
653
1625
49942
5470
11734
29333
46875
38317
14021
12869
31477
22194
1331
48123
34547
24499
12609
11358
19799
41501
34201
39554
23298
25436
7841
10269
8697
18993
9772
10775
21658
14678
17333
9689
32607
14907
19711
35567
36751
3619
49132
33704
11321
29890
37660
23169
19174
27776
21128
34458
9215
40371
16798
10957
14841
18886
21800
45910
15745
48809
48697
34863
37562
17754
14633
11255
1384
785
42137
27352
35520
23243
15900
11105
32467
21011
16903
23388
47995
22999
34282
41818
28015
11683
41043
23746
40618
35496
48390
30993
34149
15341
6854
36402
44041
24675
43727
36142
2131
38267
3438
39551
13808
974
23897
11724
16659
16899
43234
11837
45744
14722
1677
15985
35350
20032
826
30657
42282
36966
11312
40040
43919
29596
13610
36037
49368
39017
22191
42170
10232
30650
46965
5186
10048
31343
6581
36208
47116
30406
5671
2731
1466
46420
9510
44165
6678
29921
28815
49230
9075
14154
10469
23863
1824
3037
28391
42196
14676
4618
47568
35177
10431
36785
17850
25880
14202
4020
17308
6355
23893
637
20917
45495
32971
22951
3652
17513
748
16671
4342
39178
26460
19353
47313
39305
11452
28021
2084
8965
32495
8011
46375
5650
44116
24413
37337
16193
32576
27893
43782
9071
36618
38220
16503
12612
12713
4221
11598
32718
6595
2308
32280
4857
46378
14825
25100
11841
41476
28487
32553
38264
43997
181
17979
10093
38959
10340
3433
11860
4278
15933
24087
34948
14260
24458
16147
42568
40770
11385
26566
22378
6434
8296
42579
22670
20280
27214
31420
10575
34084
17653
20410
35109
11664
5471
15660
8297
19359
30676
15219
47831
26898
28761
23670
6259
46324
11842
14984
45216
38720
18884
39142
47201
3786
48903
15896
20661
14517
48564
36215
9205
2355
9705
29390
7102
35925
28004
41597
13205
34244
2168
39765
14298
48951
14861
26858
44907
45347
33968
12539
28397
2860
19923
13989
28426
33900
28434
6960
6442
20349
29422
22458
636
1062
19466
46857
739
18043
14331
27390
36523
44869
22096
35026
8096
40156
3055
49417
26810
15143
7502
8262
16743
28125
3430
23089
32995
38509
34540
30634
28226
44738
8455
26350
6546
31155
4163
15506
1688
18925
26284
3676
723
6462
17194
10724
7321
44486
988
9490
29243
10152
22997
44360
44425
39772
28699
41808
47889
2873
15625
38993
31879
8719
16185
36821
34764
3046
43591
3962
33896
26825
5060
18406
32697
38279
8128
41443
44893
29868
10365
23361
11781
33958
6379
13881
19734
18940
36530
46793
19497
33082
10654
31707
3865
39472
10791
30428
15850
44941
19412
14792
41399
5387
25538
7322
5172
7895
11556
45951
40552
40852
5840
37988
47056
21839
42685
3579
26268
8108
46487
838
41030
44543
21388
39822
4241
30002
25969
41057
41506
44947
11514
16930
43689
27863
18690
25803
28489
49487
10429
1949
46899
45026
34638
17415
7526
4952
33440
36412
3664
49643
7768
4319
324
23758
9736
19201
15518
9039
16117
32028
43972
38260
35706
3130
40128
31817
36211
27297
7925
45943
16703
46560
13838
8914
41623
27132
22864
40232
9956
29824
5641
32555
38261
48841
34186
16848
5821
39029
21475
16842
16323
3659
33716
42639
44034
47992
12992
26863
3591
45516
34605
48813
10588
44439
33129
43933
2111
40889
8364
25282
44381
26401
45210
19331
42993
23634
12888
5979
39121
39131
44384
23304
33023
36561
21615
17966
34986
35627
1206
49450
6924
18246
36086
24001
6881
47971
4990
43883
4777
43362
32337
457
40204
34554
25602
16461
1416
16489
10802
1375
6834
46675
37681
30965
25710
45954
5309
37770
41012
6983
37996
48434
1368
37752
14715
31016
31896
9254
10082
26853
9042
32061
7374
29912
32717
38238
30903
38198
17325
17901
2539
42260
11985
27137
1736
31344
23936
43750
606
8381
43928
7177
33246
22008
35692
1218
12362
27499
28949
15577
10036
839
8970
21231
16127
32265
19070
2338
6391
313
26269
17705
31451
18935
26832
26428
41859
3978
22310
49789
35220
10839
2368
12372
16955
11071
31125
2066
41561
5298
44685
762
16887
42626
47093
27569
26769
18773
46207
39511
36187
26203
35517
38606
16599
5210
13107
41954
40046
2634
38815
24762
25242
42606
7207
30591
38926
32636
23036
4228
7012
26366
49194
2895
9707
33588
38624
44978
40702
47491
8428
9361
16191
22159
42482
27646
16568
37001
11184
32864
14659
25334
11886
3916
35300
20873
745
43173
23794
43846
43320
41076
23387
38706
23363
33786
19848
18159
1735
49159
12060
16463
19296
2759
8983
2062
37624
38810
13330
5491
27824
27002
16178
35532
33597
3318
37934
24740
39557
43795
45171
19643
23996
18854
23393
2540
17074
15036
42771
32181
28404
43415
36760
30522
25472
18361
8510
37617
43516
15817
7435
49128
17777
21074
26919
15630
11365
13142
10692
38049
18739
7676
20216
25524
28536
24584
39261
33005
34665
23792
4739
27381
20628
49792
19715
23049
5943
12700
42193
22193
41498
3932
1435
18092
36345
7389
22365
4864
44342
4135
33642
1765
44701
14994
8517
7664
2568
12265
35364
31090
25919
34025
41089
32256
47663
39858
17847
22290
11638
5679
38353
20312
25177
7359
23494
38942
38257
30910
22122
275
15757
32317
555
13799
24663
29275
15485
36310
12575
15912
24221
293
23107
22006
21894
5272
39504
39878
12880
5878
47944
39921
14919
40304
20766
18391
